52
5
727 562
916 349
595 7
516 873
976 960
10
662 170
529 317
789 702
75 256
330 575
584 339
31 239
929 173
20 967
780 654
12
337 478
343 67
415 14
908 842
652 283
571 921
8 849
287 561
730 890
703 2
453 263
224 338
15
873 935
718 479
886 979
337 768
672 703
606 167
67 498
769 647
827 665
145 852
3 534
494 307
98 329
693 414
626 563
16
755 697
462 577
778 320
752 995
977 583
178 398
450 410
836 143
577 634
400 356
792 154
493 98
543 153
740 838
126 620
129 840
17
766 116
443 803
209 258
888 67
340 348
839 495
925 844
799 381
317 451
500 278
136 198
455 330
547 709
882 203
726 464
347 339
955 985
18
598 771
181 131
350 56
761 504
514 554
853 431
360 424
765 75
204 135
461 957
220 171
396 419
141 454
735 24
586 559
842 706
768 481
990 444
19
914 671
924 20
876 420
791 205
890 955
354 899
368 989
74 198
819 219
679 26
675 456
679 227
307 807
538 636
301 914
795 812
832 97
546 56
86 373
20
209 620
157 195
301 418
296 459
253 886
341 445
364 280
573 167
842 613
773 625
225 497
341 983
982 63
311 408
354 547
225 376
703 308
867 412
453 422
467 639
20
572 188
369 735
4 89
102 563
222 707
864 739
980 833
550 162
346 884
973 961
679 745
191 510
246 555
396 862
725 54
736 398
657 510
763 49
340 76
998 413
5
882 120
543 614
44 883
652 777
318 30
10
767 742
149 309
144 186
990 123
362 335
486 169
960 254
36 384
125 439
496 326
12
332 826
828 765
707 479
475 644
351 650
693 737
536 822
167 6
458 301
775 196
334 944
658 238
15
916 696
202 648
461 993
414 594
137 779
983 432
53 355
612 12
636 721
263 555
568 938
324 452
532 347
278 982
381 307
16
884 600
164 189
318 810
101 152
779 843
358 401
285 940
465 859
304 327
70 769
305 463
312 747
470 17
424 212
531 335
712 992
17
885 125
538 73
281 343
811 532
804 8
992 295
301 365
688 180
909 107
592 641
637 973
57 703
961 848
26 24
17 839
542 510
754 209
18
42 816
944 520
902 750
264 554
427 899
942 97
340 193
934 816
948 658
366 582
682 712
456 873
334 575
83 169
138 431
907 345
504 574
668 922
19
318 595
495 902
674 787
245 622
766 116
143 185
19 299
607 819
854 15
116 485
208 141
154 879
703 437
642 71
588 389
266 40
292 325
12 617
593 280
20
762 561
659 985
241 504
617 268
542 666
583 462
275 551
466 215
478 414
879 792
730 530
374 894
512 186
374 595
50 936
871 98
165 654
568 94
119 619
49 117
20
734 444
828 976
421 528
992 999
911 662
514 828
126 156
747 610
745 144
380 454
962 872
55 355
85 938
684 753
160 363
516 742
701 570
11 716
556 331
86 254
5
107 229
947 158
9 663
997 3
839 911
10
219 65
52 162
305 150
418 155
304 593
684 138
275 651
607 815
210 496
660 180
12
235 32
161 278
174 1000
493 58
873 131
213 539
206 879
199 19
667 97
588 58
435 534
246 736
15
657 887
239 942
820 204
415 582
169 350
55 320
36 287
915 296
688 992
194 135
930 266
734 79
305 57
81 74
312 27
16
222 837
576 171
404 910
513 129
353 199
550 430
455 6
388 388
6 763
800 251
883 563
244 915
928 679
183 297
968 7
137 153
17
731 283
887 938
132 960
150 823
528 983
615 176
618 401
830 417
658 649
494 9
396 712
30 189
947 607
873 401
177 4
480 861
148 948
18
650 920
751 232
898 618
302 629
176 815
557 212
496 98
17 185
866 866
397 567
476 259
752 680
246 871
818 322
85 44
988 321
982 100
482 342
19
872 118
573 556
457 611
846 422
286 506
503 271
620 267
956 40
135 954
374 799
840 602
524 290
998 849
744 628
777 553
760 23
564 411
307 907
694 262
20
236 383
593 379
529 23
387 171
476 128
901 420
387 843
807 266
756 774
418 828
358 513
705 506
888 979
695 381
731 200
249 630
198 897
601 561
287 442
278 542
20
749 650
110 584
827 154
429 86
141 272
837 406
730 662
244 639
157 272
222 629
750 93
260 32
343 476
201 789
214 714
572 128
503 387
152 18
249 499
990 741
5
10 367
257 7
920 585
859 935
998 844
10
733 865
130 34
988 929
508 987
484 334
421 901
153 96
938 478
269 590
603 610
12
65 126
285 460
331 679
425 303
725 414
678 225
674 992
81 230
710 975
854 611
43 709
547 1
15
496 826
698 687
194 837
634 222
967 657
94 520
704 565
332 742
373 363
644 881
182 775
485 417
614 821
701 759
631 210
16
774 371
379 268
112 373
818 216
268 613
678 470
314 871
96 281
186 196
641 643
332 604
819 832
987 345
442 914
240 112
874 891
17
341 823
704 291
858 416
259 984
16 80
577 891
227 635
135 537
666 326
899 186
796 795
811 511
743 866
878 826
970 235
171 597
193 239
18
334 441
502 189
676 76
10 547
836 259
113 760
360 48
964 513
194 576
581 272
587 102
84 338
779 958
278 496
238 468
497 93
410 521
76 887
19
435 713
246 439
365 398
884 516
960 325
114 95
658 781
708 846
810 440
711 383
187 613
42 686
259 424
380 471
966 483
899 196
754 479
983 394
774 469
20
594 559
969 175
730 688
354 216
664 373
635 921
990 509
31 670
894 434
555 745
126 478
107 633
483 34
814 804
957 503
456 994
576 301
419 841
958 598
969 583
20
519 702
650 770
665 738
315 598
960 804
356 878
135 630
147 554
947 883
10 647
112 999
131 687
463 925
963 612
648 262
336 683
110 845
66 398
676 154
275 883
5
296 65
133 939
950 593
77 609
614 553
10
117 184
552 679
948 489
145 899
845 10
364 729
174 720
865 319
772 959
290 983
12
467 703
215 872
343 969
640 266
190 190
270 385
314 235
106 944
909 655
431 550
370 571
64 341
15
324 490
599 757
191 273
965 699
814 540
134 309
863 270
21 651
79 6
608 214
55 197
241 517
53 418
88 617
596 687
16
441 656
876 937
201 533
655 469
358 233
978 154
79 238
698 297
484 438
837 778
665 899
822 664
884 325
155 18
650 148
893 436
17
657 6
423 454
519 365
631 395
984 541
595 230
460 129
324 301
586 722
573 395
862 790
507 161
596 177
892 762
660 38
317 622
385 99
18
413 776
302 517
58 378
693 585
821 968
337 916
534 440
708 615
480 118
909 135
164 610
454 555
162 942
253 814
91 942
446 24
44 871
182 375
19
390 700
780 234
261 553
953 264
851 691
465 734
68 377
820 860
251 788
350 26
493 528
612 852
387 953
985 442
79 342
259 270
3 20
473 556
178 222
20
27 914
883 474
223 885
402 185
713 27
14 841
294 385
103 406
889 41
953 73
100 285
390 981
646 724
741 556
175 836
462 109
805 224
73 252
763 173
244 935
20
428 298
421 737
214 423
248 111
612 413
786 310
144 453
4 838
710 667
486 638
293 647
187 779
987 539
300 483
468 143
645 514
502 791
274 609
910 699
400 415
20
1000 10
700 900
400 500
300 10
900 900
300 10
50 900
50 900
700 900
500 900
50 10
600 800
300 400
300 400
1000 400
300 600
100 300
600 300
600 500
1000 300
20
600 800
300 400
300 400
1000 400
300 600
100 300
600 300
600 500
1000 300
1000 10
700 900
400 500
300 10
900 900
300 10
50 900
50 900
700 900
500 900
50 10