27
3 100
1 2
1 3
2 2
3 100
2 2
3 3
1 1
3 100
1 3
1 3
1 3
1 576560149
2413763 2
2 110051200
1822512 1
870833 3
3 378701035
1726714 1
9151836 3
2396213 1
4 57416277
3346839 2
4254887 1
624789 2
308607 3
5 31098816
9615007 1
5947710 3
3530104 3
9167639 3
2080592 1
6 859557163
7164439 1
2963373 2
3200874 3
5546814 1
8694110 2
3568870 2
7 833239702
1239290 1
9144782 2
7129100 1
2535093 1
2396536 2
7253404 1
8714915 1
8 806922241
5000697 2
8421581 1
5754166 2
1402069 1
3809401 1
4584455 2
2751137 2
8371528 1
9 780604779
2461219 1
1673608 3
4346118 2
397988 2
5952288 3
9964431 2
115992 2
997568 2
6328919 2
10 522312461
9901567 2
8228616 2
8262691 1
7529230 2
9252956 3
89248 2
5120075 2
4959273 2
1923894 2
2157661 3
11 833753242
2883033 2
2170799 2
1067114 1
6366142 2
9887845 2
9240095 1
4122742 3
7750688 3
1121506 2
1947919 1
3207347 2
12 880352806
5804295 2
8103398 2
9772070 2
9924739 2
1744629 3
4642881 1
3962240 3
9169596 3
6688259 3
9382325 3
7731555 3
2437823 3
13 631985074
8197514 2
2113652 1
5157295 3
3380480 1
6213460 2
2509086 1
52587 3
4368694 1
91854 2
1626555 3
9731377 3
3481358 1
9229062 2
14 383617343
1690748 2
7058167 2
6550669 1
1659934 3
9566806 3
1142066 3
3176245 3
8269655 3
8474651 3
5245410 3
5793684 2
5870857 2
5381806 3
3472629 1
15 135249611
1405954 2
5694353 2
9682233 3
2580117 1
7532148 1
2665344 2
9295595 1
7503578 2
6049608 1
3139646 2
1508145 1
4016372 2
9923098 1
87889 1
1993733 3
16 886881880
8773514 2
6903032 1
6755522 3
4928925 2
3484006 1
9068770 1
5135865 3
7909515 3
3338923 2
3698736 2
1161311 1
3466619 1
5818268 3
6952595 3
5933047 1
3608577 3
17 198322660
9222698 3
3982091 2
1091272 2
4954962 3
263358 3
7747751 1
3204412 3
5570271 2
7554709 3
1188334 2
9528151 2
6356237 2
8718299 1
1689051 1
19372 1
4291459 3
9657995 3
18 949954928
2367027 1
3816756 2
246808 2
1886924 1
8197916 3
19802 2
7984937 2
7336275 2
6989378 2
7402935 1
7209719 1
4774058 1
1219429 3
2899682 3
6827979 3
2564245 1
3736291 1
3882698 3
19 701587197
4961121 3
7878413 3
5085118 3
5804720 1
8425305 3
7835045 3
2316059 1
9025288 3
1621638 2
238747 3
287525 1
6684671 2
1485742 3
8041084 1
6891375 1
4131079 2
5939634 3
1075086 3
2099597 3
20 161079570
3890259 3
5623333 2
50492 1
2601829 2
8217684 3
922769 3
904695 2
4556579 3
7758139 2
6117287 1
1586879 2
4958865 2
3242826 3
136361 2
7149033 3
710493 3
1909012 1
8795406 1
6742142 1
870650 1
21 912711838
2453168 2
8172510 2
2181134 1
7344532 3
7266204 2
9306267 3
3533070 3
3237455 1
2109397 3
2724672 3
5737182 2
7256411 3
480934 1
3225398 3
3337426 2
3395136 1
8629621 2
751905 2
5142348 3
26348 2
732287 2
22 369376810
6842816 1
8617251 1
4089397 3
7126668 2
2245938 2
1394419 3
7867943 1
8246539 2
2676165 3
3889946 3
7222550 1
2956577 1
8463837 3
6738291 1
3303992 1
2380030 3
7301819 1
9905450 1
6548292 3
6886239 1
46385 3
4864185 2
23 121009079
1638389 2
9892936 1
3703156 2
6826070 3
7584613 1
297840 3
7534935 1
1261617 1
1700227 1
135000 3
8914379 1
7541146 1
2888883 2
2363023 2
6894604 2
1086977 2
834621 2
2464269 2
3522244 3
7739550 1
2250383 2
6317934 2
485061 1
24 872641347
9866914 1
3066683 2
1723787 2
2195314 2
2865606 3
7103805 3
7586009 1
1014310 2
6092765 1
9501136 1
3996215 1
2994837 1
1680996 2
4007158 1
111807 3
6352549 3
7115000 2
6070240 2
5467209 1
6854102 3
5721384 3
9833179 2
7603571 1
4144058 2
