5
7 2
1 0 1 0 0 0 0
1 1 1 1 0 0 1
0 0 1 2 1 0 1
0 0 2 0 0 1 1
1 0 0 1 0 2 0
0 1 1 0 0 1 0
0 0 0 1 0 0 0
5 2
1 1 1 1 1
1 0 0 0 1
1 0 2 0 1
1 0 0 0 1
1 1 1 1 1
6 1
1 1 1 1 1 1
1 2 0 0 0 1
1 1 0 0 1 1
0 1 0 0 1 1
0 1 1 1 1 0
0 2 1 0 0 0
8 2
0 1 1 0 0 0 1 2
0 0 2 0 1 0 0 0
2 2 0 0 1 0 2 1
1 1 1 0 1 0 1 0
1 1 1 0 1 1 0 0
1 0 0 0 1 0 0 0
2 0 1 0 0 0 1 1
0 1 0 1 0 0 0 0
10 2
0 0 1 2 1 0 0 1 2 1
1 2 1 1 0 1 1 0 1 0
2 1 1 1 0 1 0 0 0 1
0 0 0 0 0 0 2 1 1 1
1 0 1 1 0 1 0 1 1 1
1 1 0 0 0 0 0 0 0 0
0 1 1 0 1 2 1 0 1 1
0 1 0 0 2 0 0 0 0 0
1 0 1 0 1 1 1 1 1 0
1 0 0 1 0 2 1 1 1 0
