14
7 7 1
2 2 2 2 1 2 2
2 2 2 1 2 2 2
2 2 2 2 1 2 2
2 2 2 1 2 2 2
2 2 1 2 2 2 2
2 1 2 2 2 2 2
1 2 2 2 2 2 2
9 7 4
5 5 5 10 5 1 5
5 5 5 10 5 5 1
5 5 5 10 5 1 5
1 5 5 10 5 5 1
1 5 5 10 5 5 1
1 5 5 10 5 5 1
5 1 5 10 5 5 5
5 5 1 10 5 5 5
5 5 5 1	5 5 5
20 20 15
88 40 60 61 67 91 76 41 87 31 71 78 31 87 3 28 29 22 7 74 
60 83 33 93 73 14 93 72 74 52 48 45 18 99 93 85 86 94 11 83 
7 88 36 10 45 58 36 84 31 10 49 33 49 85 85 33 31 17 72 37 
10 87 3 76 87 63 53 1 66 22 38 71 81 31 22 42 62 89 63 64 
78 47 5 58 91 29 24 35 78 94 23 41 73 19 28 39 97 83 40 7 
11 91 36 29 28 28 84 28 33 23 15 0 32 36 43 95 9 10 59 63 
80 50 22 76 11 50 66 54 34 24 96 30 93 42 78 66 90 88 54 61 
80 60 17 40 7 62 48 90 60 81 93 66 83 96 25 66 80 76 89 61 
7 49 75 66 56 71 62 68 21 27 77 98 21 58 55 80 5 77 79 17 
72 17 90 38 24 85 69 99 3 18 33 17 44 71 44 7 11 65 22 41 
70 68 12 25 53 30 16 68 78 44 8 22 77 83 11 93 23 44 97 95 
10 16 95 56 93 69 48 45 75 69 78 71 33 40 91 32 35 15 37 64 
36 31 52 43 7 3 43 25 56 6 34 78 95 5 98 63 85 68 41 4 
32 86 84 60 62 46 63 6 1 75 60 13 5 51 6 90 65 24 2 12 
19 47 47 32 27 42 27 11 78 31 94 9 38 41 86 26 28 67 15 62 
17 94 84 5 67 52 10 34 60 18 1 77 23 14 84 41 41 42 96 78 
10 63 48 46 85 17 60 3 57 54 87 90 24 53 37 18 52 62 81 46 
69 15 11 63 6 96 69 58 79 78 15 1 74 8 61 4 0 23 40 74 
91 32 55 69 30 84 8 6 17 75 81 0 1 64 64 28 86 88 7 97 
15 45 52 93 49 53 36 72 49 23 92 3 63 1 16 83 11 46 80 79 
20 20 6
66 53 95 43 80 25 43 4 63 9 76 30 64 73 53 5 55 85 32 66 
4 43 70 53 68 37 80 83 52 33 56 26 49 46 3 46 24 81 64 19 
96 71 5 40 79 4 92 24 17 1 6 20 47 46 39 68 50 67 8 29 
77 40 8 42 76 26 56 65 27 52 27 49 72 94 2 29 57 32 40 16 
44 83 40 55 55 16 54 30 98 65 43 70 50 3 57 14 77 68 54 93 
99 18 52 56 19 29 41 21 90 74 8 3 19 15 20 10 21 65 75 81 
77 3 33 62 26 53 2 62 17 56 97 58 48 52 75 61 68 68 36 7 
63 73 88 98 63 22 60 71 96 29 14 86 90 29 54 1 14 47 63 90 
42 59 82 60 72 57 12 4 92 16 30 49 80 1 56 32 8 6 74 16 
57 77 27 93 46 72 51 47 86 3 72 89 32 16 71 99 20 97 63 45 
38 23 99 45 5 58 4 59 53 18 41 2 99 68 22 38 64 71 62 35 
65 72 45 5 47 16 29 46 75 33 45 28 95 20 14 95 60 41 4 49 
79 15 73 49 83 94 24 76 69 74 29 2 68 27 46 36 82 57 49 78 
34 48 20 52 90 8 53 5 56 5 12 27 1 39 82 52 53 72 3 84 
25 46 26 53 2 38 23 67 41 17 25 3 92 27 70 2 60 41 87 18 
63 67 0 5 80 69 76 5 80 81 49 22 39 58 59 29 32 39 4 34 
73 52 83 37 31 76 21 18 48 46 20 73 74 74 88 79 79 2 31 42 
93 93 96 74 92 62 62 45 45 90 2 28 62 60 13 96 91 37 55 24 
71 0 57 87 4 34 45 0 7 8 87 64 43 13 98 40 3 87 9 48 
54 78 75 95 67 55 9 67 69 42 94 64 21 17 32 76 29 15 89 6 
20 20 16
74 52 43 7 68 21 40 1 8 67 89 31 87 68 97 57 93 90 8 21 
49 84 37 29 31 82 28 47 14 22 19 8 93 99 55 52 86 19 17 53 
77 35 25 99 93 38 51 7 72 12 45 26 84 48 92 0 82 7 98 79 
90 58 16 98 39 30 75 35 52 87 96 72 91 51 12 10 37 59 61 98 
74 31 7 17 94 93 69 13 89 40 80 8 63 31 60 80 31 50 88 36 
13 77 61 38 93 78 14 5 86 21 15 85 90 30 93 57 28 77 24 57 
84 79 68 32 14 51 37 99 97 28 11 62 13 49 44 10 35 80 27 52 
36 95 56 33 21 63 41 95 57 35 33 23 75 22 31 83 86 20 45 70 
14 98 29 42 88 51 65 17 49 89 50 38 75 36 50 78 13 81 89 7 
81 23 28 16 51 31 69 10 51 45 78 86 33 62 1 95 39 79 63 66 
12 1 56 44 24 46 75 31 93 1 78 56 32 77 56 44 75 4 21 89 
73 90 74 42 18 19 22 98 25 41 99 2 79 76 85 6 63 12 68 45 
30 37 88 66 35 49 22 54 59 32 65 51 81 63 98 79 46 64 87 86 
67 65 53 12 47 75 13 87 98 34 52 11 6 70 35 82 41 72 82 38 
91 10 75 89 30 55 97 77 36 99 29 84 84 59 57 89 62 92 88 3 
67 96 69 30 12 48 35 76 31 96 12 93 72 64 36 14 69 12 73 87 
20 83 52 7 52 15 31 1 78 16 57 99 65 62 45 73 20 16 11 7 
79 54 7 23 78 53 64 99 45 54 48 70 42 80 96 96 43 38 78 55 
99 8 9 7 21 48 30 57 47 84 52 96 91 59 17 8 99 97 15 72 
62 19 95 29 23 50 5 47 94 18 28 67 31 22 32 50 53 50 26 70 
20 20 5
98 22 82 99 41 76 98 69 88 44 84 56 96 78 37 62 53 54 79 0 
24 87 62 68 48 86 77 11 48 17 39 39 32 17 34 93 14 73 56 35 
14 80 79 24 57 9 77 72 81 29 41 17 45 92 68 78 72 99 59 71 
3 13 0 61 96 37 8 31 36 16 80 85 27 55 59 89 18 55 6 40 
58 80 32 98 16 90 88 39 48 3 93 72 25 8 98 77 60 85 83 61 
53 32 79 56 47 33 77 35 84 38 55 34 8 64 45 22 88 23 3 9 
95 1 63 46 8 16 49 95 2 3 32 93 23 71 0 27 27 86 19 79 
37 64 93 98 19 36 31 65 27 45 97 23 96 62 80 21 58 3 80 32 
57 33 50 33 88 99 31 91 17 54 89 60 43 26 0 25 80 62 63 63 
84 69 29 30 37 98 45 54 1 22 20 83 97 88 89 17 71 37 6 82 
98 44 83 50 84 71 95 14 9 36 73 81 23 91 31 21 33 17 49 28 
75 12 77 24 90 51 95 3 12 25 58 50 55 5 20 46 58 65 3 13 
28 95 84 79 23 63 12 32 64 34 9 55 2 67 30 39 40 76 98 85 
99 59 66 87 66 85 12 75 76 94 23 79 19 43 73 75 82 21 20 80 
78 67 28 75 89 33 31 93 79 49 58 78 68 82 80 95 13 4 28 57 
69 0 32 15 0 52 43 87 11 88 74 55 87 70 39 57 51 75 45 25 
75 0 24 31 7 64 60 24 6 82 24 9 79 37 77 69 21 33 23 58 
71 42 7 31 3 32 61 33 26 13 4 92 60 19 0 82 84 23 7 70 
91 46 51 74 69 54 47 66 96 68 96 60 4 9 86 56 71 49 39 57 
33 19 51 88 98 74 17 69 15 64 25 67 11 57 82 24 11 14 70 77 
20 20 1
39 39 26 3 41 56 25 65 81 41 19 36 16 3 59 54 67 28 56 68 
15 61 33 42 47 48 59 65 71 17 82 33 99 15 51 40 40 1 42 26 
31 94 30 19 18 84 25 54 68 44 34 24 87 72 31 24 84 2 76 3 
27 33 41 51 4 81 24 8 97 12 23 99 32 78 67 78 55 57 17 27 
87 34 91 81 14 85 66 96 72 24 62 81 43 33 95 5 13 53 95 77 
83 21 1 86 60 39 68 29 12 26 47 2 98 89 75 20 78 69 89 68 
18 81 70 72 95 10 59 73 24 98 78 36 63 2 11 61 55 2 63 1 
61 72 3 1 17 26 63 34 20 68 28 76 0 1 78 94 47 31 26 31 
67 81 49 54 17 0 73 94 97 94 48 68 89 47 17 54 62 84 58 37 
32 65 23 22 32 33 96 84 50 1 3 85 79 85 38 50 81 38 52 23 
33 89 10 95 78 10 70 80 20 97 60 87 89 52 95 43 31 53 24 95 
42 35 6 76 64 87 79 91 42 41 19 83 85 59 97 23 22 30 50 70 
46 82 98 27 25 26 39 75 17 92 93 57 45 86 31 8 66 87 96 63 
10 48 26 73 71 65 89 10 6 14 59 14 33 21 26 49 90 27 64 18 
13 71 95 55 4 50 19 54 92 76 75 97 75 33 73 63 52 23 91 98 
98 43 75 31 13 82 63 92 21 34 20 73 44 38 50 22 46 62 21 16 
28 34 98 9 54 44 1 16 20 8 69 73 90 8 21 41 18 24 18 14 
42 68 9 70 75 28 38 37 57 99 33 63 88 34 40 26 47 43 97 32 
6 53 90 45 89 38 70 96 83 0 33 18 29 89 39 7 4 1 4 95 
71 76 64 32 61 72 6 98 73 55 58 7 80 13 39 65 61 5 65 80 
20 20 3
82 43 92 81 32 28 46 99 10 52 78 14 18 65 53 38 67 95 52 6 
90 95 37 44 69 70 69 52 84 66 9 89 37 77 72 79 5 10 17 2 
31 80 45 24 24 68 96 13 96 99 64 40 92 28 18 71 56 62 44 99 
28 9 67 49 85 26 10 28 93 96 15 51 95 50 40 98 99 82 24 48 
94 74 31 52 49 57 75 41 71 92 24 89 96 75 67 77 75 42 6 50 
84 7 99 28 27 49 87 51 55 94 1 45 54 37 23 78 84 59 2 29 
66 27 92 0 89 91 55 95 43 41 45 85 41 42 95 79 38 30 62 53 
79 68 22 6 56 67 33 1 1 57 24 57 48 31 48 58 78 61 44 85 
16 96 89 99 5 13 94 89 1 68 53 90 63 48 17 3 75 68 1 95 
41 83 66 39 18 64 4 45 12 34 79 77 47 46 55 6 19 9 52 45 
43 71 68 71 13 55 13 46 71 9 16 18 20 18 50 36 99 15 93 63 
47 37 70 29 44 87 72 75 4 64 93 73 85 7 27 56 66 24 70 50 
69 85 48 15 93 17 98 4 40 63 93 64 42 42 27 6 74 48 86 94 
83 93 5 31 71 5 34 29 41 64 80 26 13 88 19 18 25 48 96 39 
44 53 65 58 69 66 56 39 57 16 91 71 93 81 40 52 64 24 42 53 
92 30 68 63 2 35 63 79 51 24 34 40 76 23 85 3 37 36 99 70 
78 7 98 2 42 2 86 36 57 80 85 18 83 58 88 49 33 41 66 1 
84 36 63 9 88 71 82 49 98 60 63 69 41 98 30 66 9 99 28 19 
65 22 81 30 87 92 97 7 86 46 59 10 75 52 98 52 55 29 62 94 
7 87 52 13 73 28 65 65 51 32 48 8 93 25 28 82 48 89 51 67 
20 20 5
87 94 48 53 21 25 74 45 47 83 59 33 16 1 82 27 65 26 53 31 
70 63 45 72 93 76 53 17 52 35 27 83 63 66 48 14 34 27 23 51 
47 52 15 80 51 84 60 14 37 85 71 86 28 90 44 19 23 55 13 55 
25 35 20 80 98 25 26 33 95 84 10 21 41 88 92 95 12 68 30 67 
1 62 78 59 30 75 86 82 74 79 44 61 1 37 18 39 80 66 85 26 
84 76 89 95 99 65 32 30 64 85 18 77 8 97 56 3 49 64 91 92 
34 7 20 76 83 23 61 31 26 1 83 47 62 51 78 67 27 34 36 14 
46 71 46 61 39 74 3 10 32 3 14 10 88 87 67 15 83 43 93 17 
11 90 94 57 68 17 70 60 52 99 56 83 15 91 79 55 33 29 72 11 
7 70 49 51 11 43 98 35 62 80 61 80 76 78 51 95 83 23 89 52 
67 75 64 12 66 7 13 58 94 46 71 14 79 8 54 88 7 50 8 96 
55 45 14 29 52 19 34 3 33 39 66 43 23 64 52 50 75 52 51 23 
18 25 24 1 63 25 30 84 12 2 19 37 46 52 40 64 67 58 79 33 
60 78 35 94 36 49 31 89 98 87 31 93 98 82 11 57 55 97 77 96 
87 71 1 98 28 48 95 40 77 83 9 42 80 45 30 89 14 59 66 91 
0 6 27 37 89 46 31 13 27 64 67 67 55 11 79 69 3 41 71 69 
3 67 33 62 19 14 60 31 62 8 41 95 24 2 16 82 3 99 1 3 
64 98 7 34 1 95 97 71 26 43 63 92 20 64 12 68 87 91 65 89 
11 93 28 47 58 4 14 9 85 35 61 3 61 3 74 89 3 43 19 39 
18 62 4 69 36 44 95 5 68 78 25 15 54 90 51 0 39 3 68 26 
20 20 15
32 3 66 59 51 17 15 3 91 96 43 89 38 31 51 56 25 49 60 56 
81 55 87 13 96 85 13 74 18 4 28 66 84 3 48 9 78 50 89 37 
92 66 99 90 12 81 83 7 77 97 62 61 35 41 12 38 17 63 87 23 
11 72 39 26 66 60 48 75 84 61 6 99 76 51 28 13 22 29 97 81 
15 78 78 66 71 69 80 41 47 1 97 50 1 37 5 73 37 91 71 97 
37 40 23 19 29 28 58 35 73 54 16 67 6 21 21 72 27 0 44 92 
24 3 24 72 8 27 59 59 3 69 96 64 38 13 19 81 81 61 24 39 
1 35 88 75 64 74 71 18 66 25 43 61 74 57 91 76 20 42 96 29 
55 47 12 39 17 77 31 31 14 65 3 21 11 93 54 52 20 1 19 92 
20 46 78 8 99 6 95 67 21 49 33 89 29 72 78 30 72 64 55 83 
91 78 78 58 1 80 42 99 54 58 98 91 53 93 36 91 89 48 8 56 
63 90 45 42 81 7 95 26 33 10 6 73 55 86 6 33 41 20 71 50 
26 84 43 93 93 8 34 96 47 29 37 3 94 39 30 49 11 67 74 58 
30 87 92 31 36 2 86 78 30 40 86 64 80 72 3 84 4 93 71 2 
57 54 71 76 98 41 77 4 7 89 97 2 22 2 83 87 77 18 23 70 
63 38 86 98 44 70 29 0 11 93 80 50 87 42 33 92 87 12 65 90 
69 29 85 83 36 68 32 96 2 85 29 28 74 80 32 66 27 74 82 48 
8 23 9 43 53 39 24 10 77 35 98 55 46 31 72 32 98 2 22 75 
87 37 59 84 90 3 72 82 83 40 29 84 52 65 69 45 23 3 83 67 
81 68 6 8 36 22 94 93 99 17 55 34 88 28 37 47 43 79 45 18 
20 20 2
71 48 44 36 5 92 48 9 84 27 77 73 33 70 20 88 52 62 22 31 
72 59 16 77 67 69 39 57 83 47 40 98 61 16 5 46 32 4 9 75 
16 7 70 67 59 69 56 99 55 65 88 46 22 23 18 43 14 92 95 92 
65 68 47 48 20 27 90 8 6 83 39 1 19 89 18 37 42 33 74 79 
88 27 2 36 62 55 6 56 85 25 56 76 35 17 60 93 81 9 67 40 
55 69 51 47 35 6 35 25 50 54 96 26 59 15 57 85 89 22 35 33 
79 90 80 97 50 33 32 35 27 65 49 32 78 91 47 26 90 36 51 6 
86 45 74 46 27 37 84 49 3 81 93 78 18 83 34 47 62 37 76 92 
64 76 95 99 76 0 29 28 66 63 5 15 91 46 82 1 42 43 67 77 
8 47 93 76 8 77 62 47 31 84 36 99 50 58 5 60 58 9 93 31 
61 78 82 62 41 16 94 30 70 18 94 87 75 25 42 57 42 16 89 19 
84 44 78 35 63 6 27 33 94 18 57 21 96 14 45 50 16 44 9 93 
0 97 70 28 18 46 12 3 0 19 82 48 87 17 36 34 64 16 54 65 
28 50 75 8 78 43 66 47 32 37 92 93 72 45 42 17 11 63 0 13 
13 79 21 23 6 92 33 11 40 33 21 40 46 90 59 47 33 44 66 89 
41 32 98 20 46 77 70 32 75 20 33 98 39 27 99 26 46 81 94 26 
26 69 13 2 94 41 47 5 39 37 7 76 66 85 43 45 1 75 23 55 
58 84 31 56 12 8 51 43 14 19 98 91 45 79 85 99 30 68 77 40 
29 51 31 76 0 11 43 52 39 99 52 65 51 47 11 62 93 1 89 20 
88 3 57 2 75 28 45 43 8 91 44 51 23 22 94 21 3 82 71 46 
20 20 19
14 49 5 48 27 15 44 62 95 42 75 14 80 7 99 78 15 41 43 20 
88 41 90 93 57 23 7 75 95 30 73 59 96 87 85 39 61 18 42 14 
86 45 87 10 95 17 11 2 53 34 41 68 94 51 57 95 41 30 67 83 
38 85 70 6 56 12 48 93 48 17 84 71 77 46 36 94 80 82 8 85 
26 95 14 46 3 58 68 76 62 35 27 33 54 58 85 66 83 91 2 42 
42 10 6 3 12 6 34 54 22 90 83 82 25 76 3 96 96 2 19 1 
18 71 85 99 12 7 15 5 72 93 87 25 55 84 0 35 45 63 25 88 
70 26 73 68 14 6 46 52 48 88 26 86 16 81 63 58 3 44 6 5 
92 36 75 84 56 91 70 11 29 68 85 54 95 69 0 72 71 56 49 59 
56 47 49 3 66 53 91 58 12 79 56 75 87 83 38 61 37 12 36 95 
67 78 22 86 57 92 34 74 69 78 82 28 75 76 69 44 21 56 59 83 
11 18 39 39 8 7 12 37 49 86 67 70 65 3 12 86 10 65 93 78 
35 69 51 9 18 57 44 84 8 33 25 52 31 61 17 40 43 26 1 64 
0 18 49 10 35 58 27 59 96 18 79 3 26 36 23 20 21 12 83 88 
28 8 44 90 93 66 0 44 93 6 73 26 88 34 48 1 34 71 7 12 
47 42 75 59 13 31 98 50 43 17 47 72 88 81 3 58 76 23 78 33 
62 19 29 15 35 28 46 56 22 51 89 59 56 90 48 4 38 19 43 55 
36 42 74 40 5 33 60 81 48 51 26 48 65 20 35 22 53 56 9 3 
66 49 43 46 2 77 12 87 17 74 60 99 42 57 54 48 66 20 98 30 
39 27 0 77 87 5 88 44 47 28 51 93 47 94 39 58 59 79 30 8 
30 30 27
31 2 81 77 15 44 55 49 94 63 52 97 84 20 14 91 79 16 27 36 46 7 36 59 23 15 77 34 20 23 
70 83 61 65 58 65 14 94 37 91 38 48 79 4 56 64 51 84 41 18 74 58 11 49 77 14 24 55 19 57 
74 17 75 63 2 15 68 35 78 6 90 29 3 10 30 92 43 38 25 7 91 45 54 90 72 54 72 41 3 68 
77 8 71 20 56 43 62 22 60 36 90 22 94 51 49 91 93 45 43 64 84 4 32 7 27 17 38 58 38 55 
99 52 35 64 14 36 18 14 78 72 1 87 15 9 29 36 65 52 47 58 2 68 51 2 32 30 3 95 92 97 
23 65 49 96 96 36 23 9 97 13 13 0 81 85 92 70 46 88 66 6 90 32 12 5 47 57 84 92 48 23 
98 8 15 34 47 33 17 81 58 7 36 79 23 53 6 97 73 7 2 32 97 7 4 6 3 94 1 15 11 16 
80 6 64 89 1 19 55 77 10 59 96 39 13 66 64 1 6 32 23 19 21 88 96 65 25 65 25 93 6 77 
29 42 1 91 43 41 79 99 25 30 35 5 84 71 42 22 49 23 91 74 17 38 31 95 33 66 11 28 65 21 
65 6 18 62 68 99 34 97 7 43 71 3 43 96 54 9 8 20 53 51 29 14 75 64 95 54 35 20 37 28 
28 62 13 84 51 44 60 21 45 51 86 15 71 27 72 15 15 51 31 88 17 29 42 49 29 25 51 84 27 78 
66 33 61 0 21 83 95 44 39 62 97 37 51 62 60 80 8 87 86 67 3 81 36 21 68 50 88 85 65 70 
60 43 47 90 20 19 98 72 83 98 23 30 21 14 76 29 7 57 28 43 95 19 84 8 6 35 37 98 75 4 
46 11 46 69 16 48 9 67 92 39 2 58 13 40 29 77 36 47 71 34 28 88 87 77 37 36 47 99 91 44 
87 78 38 72 62 55 29 2 77 93 15 63 72 56 33 48 73 88 74 41 40 3 24 2 49 36 95 58 44 89 
31 17 34 0 52 69 75 85 25 49 83 43 19 48 41 44 59 87 90 70 39 22 66 4 15 4 77 24 94 90 
8 62 76 17 74 92 42 13 17 59 2 64 31 62 27 56 86 86 19 93 24 15 83 63 26 97 90 54 83 4 
10 71 12 88 32 19 75 47 90 37 48 89 6 28 38 63 28 68 42 99 96 46 61 79 93 59 59 18 25 90 
56 70 15 97 22 60 57 3 11 22 21 96 21 75 6 97 95 20 18 99 41 9 91 64 39 54 95 95 2 23 
80 49 27 49 24 58 68 15 64 62 8 3 59 39 83 94 22 30 10 47 93 11 76 30 60 74 1 92 79 83 
50 48 3 18 9 34 18 95 42 3 17 92 2 80 68 5 14 8 61 99 64 46 89 60 70 56 79 42 72 81 
46 86 59 14 62 83 89 47 17 47 94 98 68 28 3 72 79 55 51 94 53 45 88 63 41 31 3 65 8 76 
86 41 96 65 49 87 8 76 67 45 9 71 38 46 20 51 37 30 94 76 25 45 76 56 86 1 23 92 88 16 
26 94 25 88 97 67 1 53 50 2 91 84 86 86 49 85 67 45 40 8 51 77 1 35 31 19 43 32 45 38 
96 48 39 13 13 43 57 97 22 42 16 73 82 84 76 98 32 62 51 1 90 21 59 62 97 22 70 35 22 28 
20 58 95 55 29 68 53 20 51 50 84 72 50 72 11 2 42 71 82 9 69 55 49 17 62 86 67 12 1 44 
63 56 63 59 46 40 72 92 25 0 92 83 84 37 51 60 22 20 53 95 59 6 73 12 84 80 7 98 54 27 
15 89 86 54 96 10 7 59 30 64 89 0 64 4 81 55 9 4 40 60 81 47 52 17 30 56 80 54 80 5 
35 38 25 94 20 89 5 35 29 48 14 2 82 62 19 48 63 17 26 45 36 0 98 65 7 18 2 38 27 87 
99 36 9 65 0 84 40 94 83 49 57 95 91 98 86 4 44 7 14 35 63 30 22 94 47 77 71 5 27 91 
30 30 5
23 89 47 8 7 54 31 35 67 94 56 33 68 82 17 96 65 33 99 43 68 64 16 59 89 46 67 13 86 70 
82 40 6 10 13 21 86 95 6 99 5 34 89 60 83 59 35 81 25 80 93 21 94 29 31 82 33 73 41 35 
21 47 56 17 13 25 38 34 33 49 30 11 40 7 0 2 9 14 31 59 23 50 56 85 36 9 78 7 69 17 
2 64 50 25 97 66 18 36 79 98 32 58 23 24 69 48 32 84 92 26 26 93 37 11 42 94 66 41 1 26 
79 2 36 56 98 98 64 3 94 9 56 86 11 23 52 72 82 66 90 93 65 61 15 20 6 67 95 72 77 85 
54 80 38 51 24 96 67 36 53 25 50 85 72 68 55 60 85 30 9 73 29 78 73 5 67 91 2 93 52 3 
3 85 58 16 58 30 5 63 15 4 74 71 56 40 28 11 54 41 71 54 8 17 34 13 78 95 94 2 97 99 
5 0 65 5 48 63 47 1 39 29 76 50 4 25 18 86 43 7 57 22 94 77 73 46 13 40 94 23 11 93 
95 99 5 70 99 29 30 60 77 69 12 99 36 74 66 52 71 38 98 13 89 14 81 45 58 47 61 55 43 1 
42 17 65 10 93 49 26 92 84 91 25 38 34 36 97 32 85 59 50 82 29 76 60 83 1 81 53 46 67 20 
39 92 20 69 41 19 32 2 8 87 31 16 61 84 37 96 77 63 0 62 25 72 27 8 95 43 93 50 49 1 
10 57 37 81 17 94 24 48 47 52 67 90 67 12 22 82 46 0 7 64 85 61 95 1 12 50 35 30 74 2 
30 9 91 17 45 40 80 6 15 91 49 19 29 97 91 94 81 18 77 63 67 47 56 65 24 61 26 1 3 70 
31 24 84 1 5 13 18 57 94 7 44 45 75 88 12 23 84 26 36 6 65 61 57 12 39 93 80 83 98 89 
2 38 97 89 63 83 69 16 30 12 55 73 8 74 53 98 79 74 25 85 61 35 74 30 89 14 63 78 23 5 
87 7 22 29 40 40 83 25 90 62 32 64 61 22 8 14 66 21 5 36 75 54 18 60 26 71 23 59 66 95 
53 93 38 38 66 92 39 37 96 37 1 47 96 35 59 88 35 73 90 90 88 54 29 97 41 79 62 75 39 73 
64 64 94 24 90 62 50 31 11 48 82 97 58 96 39 91 63 47 16 22 26 32 35 88 28 59 97 18 85 67 
61 69 73 85 42 6 1 88 78 34 83 58 57 85 72 28 27 21 62 53 49 43 30 35 74 54 84 59 13 14 
53 62 97 47 87 71 58 86 59 18 66 8 88 90 2 23 48 56 13 37 87 8 89 14 14 51 45 87 16 61 
23 67 46 4 7 27 77 9 64 82 6 83 78 83 65 16 59 97 13 90 25 66 43 23 28 23 16 57 4 8 
52 10 18 85 73 65 64 12 13 99 53 12 7 8 30 5 63 53 9 65 20 0 16 58 41 87 90 56 67 60 
91 93 62 24 94 44 30 50 54 95 48 54 46 65 88 83 18 11 69 92 61 53 76 18 44 47 2 99 31 72 
17 61 94 2 83 42 43 23 4 18 51 89 69 97 33 1 29 19 22 53 81 73 25 93 14 2 91 22 85 7 
39 30 43 22 18 83 2 69 93 4 8 93 73 92 41 28 36 16 34 96 2 74 64 81 43 87 94 42 83 91 
23 67 34 27 12 2 45 36 73 31 64 5 9 28 90 20 99 28 6 73 66 19 71 0 32 7 86 38 59 54 
98 49 24 48 68 31 80 18 12 48 60 27 84 83 0 70 52 47 24 20 62 78 45 19 19 77 33 95 29 17 
49 80 94 10 3 29 61 46 65 52 4 60 0 69 6 93 32 27 29 95 99 40 90 65 80 24 56 6 94 26 
78 69 93 94 13 76 17 2 98 43 37 79 51 64 41 82 16 1 78 35 0 77 17 37 73 43 7 91 4 75 
12 31 68 42 11 31 14 0 93 72 25 68 60 35 71 76 98 1 71 69 38 59 65 89 14 2 59 91 49 71 
