50
5
2 2
5 5
7 4
3 6
10 8
3
2 2
3 3
4 4
4
100 100
100 50
50 100
60 60
5
70 80
75 75
75 75
90 90
30 100
10
100 2
45 30
40 40
20 90
90 2
2 88
77 2
3 3
40 67
38 20
3
39 70
51 95
56 8
6
21 48
26 11
84 45
86 35
31 54
24 47
3
66 28
54 25
36 58
4
4 20
13 91
51 48
15 41
8
93 31
44 25
9 66
59 84
87 3
12 30
58 52
100 9
7
9 21
7 47
6 32
33 84
59 84
88 56
79 93
10
56 36
39 69
8 72
38 88
77 31
84 29
25 62
97 14
52 80
71 33
4
50 68
11 47
39 40
76 40
7
33 44
87 7
69 41
96 27
25 34
89 54
5 49
7
32 4
52 64
44 37
14 58
43 85
5 17
7 30
5
14 20
70 35
74 59
20 56
64 56
7
10 49
74 30
69 79
24 40
59 56
33 16
35 35
4
40 4
63 80
75 45
31 58
6
9 64
81 95
79 76
40 48
27 8
86 94
7
34 96
61 86
28 96
21 96
40 2
53 27
84 51
3
69 95
26 45
44 58
10
63 29
92 100
29 73
15 74
13 85
34 18
53 76
52 44
33 54
36 82
6
83 95
28 89
52 8
70 10
25 40
90 48
10
83 72
50 21
12 86
46 29
15 56
25 97
11 74
68 89
70 77
10 51
10
89 87
44 71
35 20
3 88
19 42
38 71
24 6
64 79
41 74
68 48
6
77 72
100 3
44 53
41 6
8 35
77 97
7
100 25
4 5
71 3
10 96
64 26
82 10
41 19
8
58 19
4 53
83 28
29 72
13 43
8 89
89 86
39 93
10
31 76
90 17
66 87
33 83
84 59
100 64
56 70
24 59
78 58
9 68
9
32 41
4 21
100 19
48 43
88 4
4 59
94 72
51 50
83 99
10
57 53
86 91
63 20
43 68
32 16
60 92
76 14
95 58
57 47
100 5
5
53 30
30 38
4 18
48 66
24 48
8
19 25
12 10
20 84
45 34
45 98
12 35
88 92
98 44
8
61 67
28 13
47 82
43 44
70 84
84 74
62 58
13 84
10
99 46
95 11
84 50
46 32
50 37
38 74
64 9
6 77
97 6
27 78
5
30 64
89 65
24 91
62 86
30 80
3
24 16
75 37
19 55
9
96 89
65 6
46 70
42 17
42 95
71 22
100 12
20 6
13 7
6
48 32
95 58
71 63
31 61
67 17
73 75
6
47 97
71 49
6 30
4 55
77 5
50 57
9
58 48
20 61
36 31
56 43
44 11
81 26
93 39
44 56
82 97
4
94 26
30 69
94 59
23 70
7
11 51
85 21
52 61
74 50
19 48
76 15
32 32
5
12 76
94 37
42 14
6 10
80 27
6
16 30
9 69
66 92
34 42
88 19
65 51
9
26 16
69 47
96 96
15 37
85 5
4 7
28 88
41 50
40 2
3
13 55
15 58
97 65
8
2 13
7 18
31 38
95 69
5 53
86 15
43 71
10 87
7
9 29
96 24
6 67
41 23
45 54
15 63
98 15
6
28 22
82 5
54 28
7 58
79 7
35 63
