100
13
206 310 343 280 461 349 367 153 271 322 321 125 245 
491 395 151 247 328 391 463 176 272 430 316 375 8 
376 473 139 100 403 270 301 156 447 40 26 4 152 
102 470 484 472 373 302 161 308 320 180 181 199 347 
314 284 198 16 476 197 240 45 317 318 47 104 296 
96 443 201 171 382 71 150 164 149 252 293 385 190 
460 43 192 53 73 54 273 402 246 208 145 147 464 
434 485 478 154 435 117 334 278 465 291 17 324 410 
432 362 433 276 179 222 230 11 495 350 372 59 1 
307 359 35 303 424 363 496 135 356 177 119 49 2 
211 7 188 120 244 415 233 167 268 237 448 74 429 
353 215 213 70 426 80 466 52 88 217 136 263 418 
250 401 36 183 108 352 127 32 368 255 386 234 19 
16
30 267 392 328 149 412 379 186 102 341 352 23 250 55 381 268 
161 10 83 387 390 123 99 18 7 389 249 262 479 298 289 319 
230 59 198 145 222 176 170 94 305 78 458 20 435 276 343 189 
165 154 260 426 321 27 474 345 95 231 469 196 271 238 16 194 
217 401 208 405 444 67 339 243 338 462 169 214 201 393 349 241 
500 40 476 266 65 490 320 259 180 38 13 350 263 270 398 322 
306 85 473 486 227 157 158 362 127 363 90 2 256 400 288 304 
204 153 442 257 475 399 496 156 300 420 382 174 325 252 5 369 
280 32 195 331 487 375 371 461 197 353 454 207 147 101 307 193 
106 49 301 205 383 485 98 355 365 287 422 416 395 419 333 446 
455 492 378 66 183 140 116 54 211 136 206 220 103 335 370 76 
246 114 368 71 408 11 192 218 264 82 432 14 135 317 467 364 
126 359 225 499 254 68 329 448 239 299 417 104 437 261 337 342 
336 310 137 498 28 56 181 144 396 9 203 314 46 324 356 177 
480 109 24 297 344 282 245 155 31 133 58 35 489 279 443 367 
15 483 330 92 164 8 132 481 33 52 108 143 45 491 141 406 
10
342 162 227 188 182 81 217 446 18 343 
379 305 250 391 404 115 456 141 269 219 
341 125 282 95 83 431 233 327 118 25 
165 385 245 422 481 287 248 458 13 224 
91 244 347 191 258 213 285 153 323 144 
335 207 171 355 117 433 500 166 130 363 
283 155 100 430 465 395 425 52 483 493 
267 64 237 470 352 276 298 77 344 268 
474 239 228 468 291 419 47 441 229 388 
439 98 361 1 356 498 453 275 112 89 
19
67 494 210 182 497 398 416 109 199 32 132 262 285 336 377 355 343 52 40 
329 59 385 191 421 254 381 20 337 258 74 379 474 142 443 73 286 309 252 
412 333 27 292 276 82 382 8 178 205 342 410 167 223 298 322 26 500 255 
419 319 466 432 499 23 250 106 253 152 270 455 208 247 34 1 321 88 72 
65 369 479 402 320 487 120 148 160 219 350 428 483 420 43 316 366 227 444 
170 16 240 166 256 446 21 177 75 171 102 60 331 121 45 346 207 85 154 
108 83 423 55 470 273 434 465 418 291 70 293 248 482 475 200 425 387 274 
357 338 490 294 268 48 449 349 327 496 25 364 187 341 404 383 99 306 113 
372 144 190 406 87 362 12 165 18 213 241 442 195 127 386 44 354 451 131 
135 373 426 173 395 235 280 315 6 172 477 30 7 261 408 209 458 231 11 
375 211 417 104 181 300 450 304 456 163 323 359 196 123 431 71 96 260 2 
221 232 414 472 266 174 415 162 15 19 311 376 363 184 188 100 284 352 161 
476 69 159 61 151 86 413 64 491 116 282 204 400 226 295 156 153 460 51 
439 269 217 238 453 281 378 251 110 54 454 361 91 222 246 265 308 228 193 
430 498 136 468 66 353 139 296 278 332 380 473 245 367 452 301 461 175 457 
90 79 176 394 264 158 198 334 63 436 201 422 305 164 447 157 62 429 180 
445 111 392 279 76 229 440 409 28 427 287 155 370 189 433 125 244 492 218 
234 388 401 58 313 356 183 347 38 78 197 105 168 481 299 441 368 365 93 
36 39 389 310 50 358 129 57 464 146 317 288 463 194 243 89 393 115 471 
5
464 441 205 187 174 
144 191 88 86 201 
276 279 361 298 128 
85 396 481 497 363 
83 62 484 324 318 
14
200 248 329 122 175 146 297 51 23 127 435 141 496 195 
477 472 253 467 481 137 361 5 88 138 26 164 186 313 
289 218 165 376 236 178 159 476 272 391 300 100 277 239 
421 322 490 49 453 427 36 31 199 276 132 454 245 401 
233 305 224 11 456 483 197 70 54 412 58 284 262 415 
119 185 334 479 366 18 495 424 22 402 234 225 56 123 
206 180 63 6 458 168 386 79 450 230 307 93 227 294 
150 269 375 192 270 362 397 19 440 135 335 328 20 389 
249 452 360 222 312 169 41 128 414 280 497 252 173 170 
316 231 396 68 281 358 81 346 261 85 162 35 353 411 
207 10 98 359 210 16 493 24 331 387 356 103 344 436 
219 43 367 333 153 441 347 250 325 286 28 444 273 4 
288 13 267 213 403 62 116 77 172 90 216 290 309 420 
96 118 283 319 155 405 500 433 97 139 434 17 40 15 
18
235 216 341 26 405 7 125 454 184 461 144 406 33 283 260 259 265 102 
273 237 330 116 423 297 15 434 146 167 350 43 62 372 126 29 352 267 
78 478 431 36 462 422 469 386 296 202 438 79 142 113 243 365 391 325 
286 440 82 108 272 118 271 57 213 309 39 6 196 173 496 178 482 287 
399 398 52 257 228 376 500 139 322 332 492 378 94 182 291 230 481 74 
95 17 18 264 61 288 77 443 455 411 489 299 389 160 361 200 360 152 
413 38 427 176 24 87 302 120 42 162 316 55 289 201 71 412 458 416 
171 356 397 401 402 247 44 485 34 76 408 88 444 447 495 175 436 333 
329 488 143 463 470 491 476 8 336 310 472 465 47 115 161 344 145 129 
222 205 467 320 375 474 366 374 335 59 268 466 459 60 334 493 104 249 
64 159 314 393 20 303 241 419 384 337 186 250 199 342 134 195 245 65 
3 450 211 285 22 279 165 212 326 254 390 112 445 263 220 136 269 233 
294 12 421 255 415 404 358 319 9 5 308 169 141 204 394 19 475 339 
266 188 32 99 207 281 37 453 156 278 451 149 192 226 354 258 81 484 
385 231 331 219 396 367 370 346 11 128 92 429 69 424 100 499 217 10 
189 498 477 66 452 305 117 41 468 236 80 380 172 292 311 369 321 138 
284 90 239 253 127 407 21 293 349 111 471 158 353 490 153 223 73 244 
190 410 203 439 75 2 70 437 486 137 221 261 232 290 274 96 93 84 
13
359 465 77 271 93 126 435 210 415 469 283 243 140 
144 474 285 419 189 312 209 241 449 161 5 498 334 
277 259 303 360 175 296 298 228 500 86 224 291 463 
167 180 149 428 3 91 256 405 491 468 424 234 370 
420 354 235 461 68 253 188 79 347 299 112 448 455 
231 85 87 118 64 476 477 261 108 225 99 492 100 
166 363 297 176 53 321 221 39 37 178 16 199 258 
25 71 464 412 493 55 496 411 332 490 402 75 307 
47 35 138 387 377 129 365 329 174 155 327 384 101 
414 12 380 113 52 40 386 311 223 260 454 193 123 
330 20 65 186 196 293 495 217 406 32 422 423 393 
246 276 207 290 352 107 157 58 245 109 14 361 115 
7 190 23 408 281 404 90 339 338 382 265 34 462 
20
335 486 133 464 321 181 297 42 1 301 162 314 111 76 243 51 103 356 173 41 
134 313 106 499 318 385 339 451 171 194 131 416 329 216 206 403 151 15 435 265 
336 429 230 332 125 437 459 367 12 456 204 91 146 418 276 150 176 39 331 213 
54 282 170 199 81 16 182 11 61 157 5 414 228 208 36 239 349 113 419 378 
53 156 328 8 164 394 368 424 224 411 262 261 468 226 342 209 364 191 392 432 
467 272 58 31 234 273 263 312 179 473 491 371 139 303 400 423 189 373 293 7 
280 200 74 343 138 326 38 93 470 372 167 143 114 229 316 136 353 202 492 401 
426 278 227 104 480 284 351 56 55 96 298 315 498 135 244 97 305 79 488 446 
78 266 109 86 174 268 295 70 225 337 457 375 205 346 22 412 169 24 75 393 
148 309 381 17 100 161 310 407 128 258 289 196 92 455 238 33 222 43 490 338 
330 443 9 442 478 207 186 245 481 129 73 428 324 233 180 142 257 431 145 108 
283 493 299 119 296 363 333 489 439 67 98 251 94 376 211 254 379 248 220 370 
35 68 23 436 242 141 454 185 496 406 201 83 217 249 163 275 430 409 126 484 
402 471 311 82 287 253 18 422 65 482 344 317 107 59 420 62 152 88 168 46 
360 85 117 20 389 447 13 361 410 327 132 452 404 347 302 274 441 285 495 21 
154 237 60 494 19 72 460 116 159 203 198 87 147 14 445 477 395 124 192 450 
49 462 110 398 277 105 127 264 28 405 231 153 77 250 178 390 377 190 453 212 
184 352 80 448 27 319 30 320 4 469 387 269 218 374 144 32 433 485 354 438 
52 34 434 340 290 66 158 99 380 421 149 325 118 386 292 165 40 115 359 397 
308 95 487 479 235 286 193 155 408 183 294 369 348 417 281 101 271 383 175 252 
20
320 412 478 397 77 131 442 411 150 162 306 436 158 13 50 100 328 61 91 86 
216 264 352 263 421 303 228 332 173 376 122 226 275 161 47 298 372 213 297 461 
250 406 204 278 11 154 483 175 381 67 107 59 181 454 102 437 429 188 89 474 
435 166 32 255 428 449 481 269 5 365 341 441 464 8 234 349 119 4 398 462 
358 187 389 144 88 385 321 6 196 257 7 425 268 460 137 496 272 163 290 453 
262 451 191 281 370 380 475 113 81 23 313 466 361 197 199 482 291 335 300 459 
235 128 399 153 270 493 402 390 282 404 55 52 227 447 232 357 484 182 180 274 
368 45 316 445 479 135 219 280 133 38 80 24 311 394 292 37 94 452 217 401 
78 477 245 112 101 149 210 356 127 410 160 60 218 72 165 46 384 139 348 273 
157 31 241 71 387 374 214 317 443 95 379 215 236 347 121 145 426 220 29 18 
136 14 92 58 448 185 243 189 82 409 179 73 284 388 469 57 98 208 417 423 
237 114 222 252 279 39 396 44 288 124 118 115 405 247 414 366 25 294 229 105 
19 427 359 337 253 276 125 10 424 244 251 267 249 382 277 331 492 206 151 103 
444 458 246 221 310 35 211 142 439 433 117 76 49 431 295 259 416 422 490 346 
1 16 418 393 363 456 148 9 305 446 302 97 254 271 371 377 231 283 147 193 
324 190 308 202 369 471 62 87 34 419 450 362 123 319 491 22 27 315 304 134 
111 186 192 353 56 345 463 403 129 261 355 333 30 172 400 340 375 17 156 168 
48 79 53 330 392 106 351 36 339 497 322 239 85 51 170 350 248 194 83 420 
207 260 41 318 178 109 327 432 407 33 90 69 42 116 498 200 12 201 203 286 
495 473 183 266 132 238 164 301 307 233 299 75 472 287 323 74 43 413 143 99 
7
178 261 308 437 138 438 16 
133 492 108 208 500 195 250 
131 445 361 315 45 185 163 
460 148 312 52 326 439 431 
237 80 102 324 47 107 25 
436 197 442 210 348 479 298 
247 220 225 86 117 318 311 
15
469 151 283 353 36 345 460 10 346 285 215 422 245 58 142 
440 420 13 483 182 465 170 392 500 383 65 363 57 284 372 
179 459 116 439 388 297 410 234 85 220 146 217 433 22 107 
6 192 136 484 98 181 270 300 138 424 313 338 204 390 454 
137 499 163 30 244 304 352 377 474 334 314 12 166 153 280 
398 143 218 224 225 213 435 131 82 237 423 141 160 374 247 
267 427 92 375 241 389 287 128 122 188 191 186 11 124 455 
80 308 387 327 468 337 70 49 496 366 84 239 219 24 332 
228 126 367 258 365 39 357 275 477 403 155 382 331 221 444 
494 251 209 249 482 53 491 72 243 93 306 335 402 105 139 
20 490 493 78 167 77 59 380 309 405 101 449 498 4 35 
268 148 250 319 236 269 278 48 168 226 28 453 356 412 193 
108 150 154 194 271 292 260 448 404 52 486 379 152 307 118 
344 370 61 94 371 211 415 342 311 112 254 45 432 451 274 
171 32 60 290 441 450 413 385 119 299 27 54 301 324 480 
10
147 317 336 496 453 94 210 32 248 208 
321 77 424 176 340 338 182 323 24 5 
283 181 76 139 244 393 384 218 310 145 
134 383 71 200 196 186 499 491 209 300 
354 441 211 493 224 297 66 457 264 173 
370 236 191 497 376 276 356 152 406 113 
262 294 11 30 387 137 27 390 486 105 
59 16 381 9 296 269 289 466 18 259 
23 366 339 253 395 429 365 131 156 357 
115 174 135 243 123 34 161 360 144 108 
13
370 166 110 363 30 112 203 364 498 383 9 284 78 
204 361 227 124 62 255 96 148 366 351 37 372 240 
311 143 406 495 260 262 299 329 178 257 319 465 57 
241 314 380 480 388 352 345 398 142 195 322 196 128 
198 117 478 2 222 297 116 379 269 180 208 258 145 
75 135 442 24 373 153 339 5 294 100 390 73 6 
300 17 334 38 212 67 325 371 341 16 429 312 132 
445 338 71 172 302 80 115 186 31 185 163 281 301 
45 272 44 188 144 127 56 424 453 173 199 290 85 
292 82 43 130 468 107 259 65 435 315 118 21 251 
105 213 177 369 147 270 410 323 463 397 313 426 79 
224 221 393 176 22 179 447 182 481 238 194 357 330 
349 289 368 419 268 423 252 1 499 476 33 353 500 
16
490 329 61 269 70 431 198 120 189 16 481 188 246 240 287 100 
471 81 21 355 307 60 425 144 58 124 398 174 295 389 331 121 
352 97 192 139 164 200 406 369 56 23 117 410 10 459 473 123 
8 432 203 348 368 420 167 409 303 335 379 411 462 414 71 343 
319 276 231 74 392 377 205 499 208 334 354 475 283 177 444 199 
388 96 302 357 470 118 88 486 304 330 443 226 383 484 427 142 
28 149 400 76 181 210 219 202 75 82 457 264 363 341 318 395 
480 273 454 370 41 299 47 175 33 140 297 472 452 190 315 361 
482 221 163 422 235 466 170 412 442 116 374 346 103 136 252 109 
45 122 325 367 281 284 65 172 238 230 42 248 353 225 67 249 
14 333 69 426 95 339 68 393 218 193 292 351 437 40 294 280 
169 447 180 245 313 206 224 143 380 32 55 308 179 455 293 416 
212 36 260 328 39 5 22 433 438 94 461 300 337 386 489 101 
78 214 288 186 62 468 497 349 17 488 146 441 257 415 20 13 
6 112 30 104 255 128 445 157 34 407 429 162 130 396 216 183 
364 440 91 401 135 137 317 168 50 265 159 241 119 195 316 243 
17
221 333 113 286 321 259 310 418 359 22 474 21 300 136 280 51 486 
362 429 422 193 134 4 166 369 346 395 285 334 356 93 161 407 401 
84 332 71 53 235 112 396 213 236 436 492 477 78 48 17 391 91 
274 368 361 89 303 358 39 447 357 342 94 159 464 225 114 314 290 
262 54 185 384 337 475 275 133 479 278 409 246 151 158 489 304 414 
35 468 120 470 467 327 306 462 117 348 119 406 175 87 23 58 283 
237 88 308 36 165 410 498 324 30 116 344 241 110 76 132 164 179 
29 118 485 43 313 211 214 431 56 234 124 469 41 249 376 331 139 
329 500 252 420 404 288 472 263 439 11 216 167 412 152 100 59 61 
156 196 279 26 74 372 13 353 490 170 441 1 168 200 95 487 443 
162 81 60 20 435 105 496 2 99 448 375 340 426 192 57 416 232 
178 80 222 247 289 19 174 37 52 438 27 147 268 217 476 7 494 
70 208 386 319 433 5 150 455 374 389 457 199 345 478 183 176 6 
421 173 482 122 195 434 121 25 292 253 33 190 317 397 188 322 430 
203 47 318 417 423 218 219 229 377 67 194 129 380 255 9 55 323 
428 415 302 336 299 46 341 131 38 250 298 140 390 488 205 141 18 
135 40 373 251 223 109 483 90 126 365 450 44 10 291 215 189 24 
9
455 304 142 69 6 85 395 240 66 
291 415 322 357 25 372 461 86 77 
41 113 429 200 145 371 464 413 154 
155 430 365 36 399 421 81 419 447 
310 252 289 277 222 205 368 5 94 
122 457 106 431 366 426 292 103 134 
101 386 359 228 13 60 14 480 169 
297 164 483 276 202 76 362 159 281 
114 299 500 24 279 414 363 238 68 
6
152 483 305 86 77 267 
238 439 31 318 32 272 
403 148 365 334 248 274 
178 4 253 51 113 411 
145 36 197 181 360 429 
385 449 419 276 347 199 
14
442 281 192 28 357 141 466 225 248 324 109 162 66 496 
129 4 72 97 488 168 68 413 165 402 187 84 58 83 
235 453 22 81 391 179 322 469 418 304 102 60 489 89 
444 23 476 210 11 252 376 147 99 170 212 424 348 49 
117 1 371 305 6 297 423 244 372 205 19 284 232 337 
258 125 265 482 82 178 365 64 85 276 33 123 461 113 
405 220 38 55 327 477 328 440 340 10 458 308 91 154 
417 456 491 450 131 195 485 367 194 307 326 383 188 459 
375 379 240 414 292 354 92 318 151 315 462 74 142 145 
358 347 15 112 390 253 289 368 46 160 416 132 114 282 
447 370 126 421 149 44 254 206 275 239 452 408 35 246 
198 341 184 288 73 146 186 101 134 39 478 446 454 204 
294 13 181 295 338 472 293 191 430 95 217 62 202 497 
103 71 396 495 319 420 334 175 269 309 493 2 397 32 
10
409 263 302 392 250 420 147 6 171 266 
367 316 383 187 222 210 262 53 119 293 
245 394 97 252 32 466 440 264 225 471 
51 36 346 437 114 20 370 172 193 412 
361 30 87 428 13 435 317 223 374 31 
112 156 16 475 287 45 487 426 315 166 
91 400 124 479 484 341 68 277 286 421 
17 94 149 468 290 339 55 85 176 74 
454 59 476 101 247 251 255 256 167 117 
258 303 372 348 103 395 35 220 364 50 
10
94 351 11 72 314 111 16 429 186 2 
219 282 36 418 247 258 246 419 146 17 
223 329 96 407 459 296 65 42 169 342 
54 112 121 369 324 489 99 457 482 271 
147 230 156 140 301 166 178 22 462 414 
90 417 358 356 110 479 300 37 8 466 
136 241 386 397 366 298 61 478 252 437 
31 26 278 261 391 435 393 341 218 427 
364 316 334 168 257 361 406 382 154 400 
275 362 228 82 215 439 158 337 311 66 
14
197 309 299 288 171 348 389 11 174 444 267 263 433 341 
423 298 385 256 132 258 212 450 408 217 410 343 317 91 
277 119 176 190 35 321 210 496 484 100 371 9 395 10 
78 253 492 214 116 438 338 370 25 104 90 65 30 359 
107 303 36 339 443 43 101 41 344 485 108 89 42 314 
7 51 335 72 228 60 409 203 283 114 231 251 300 382 
391 412 66 232 441 424 445 360 240 486 34 79 358 259 
327 434 173 367 381 31 227 97 280 128 356 386 37 88 
93 120 49 246 449 315 147 456 324 239 266 262 448 331 
337 64 308 326 366 467 13 472 281 368 463 168 196 377 
160 252 181 374 169 46 184 145 282 118 117 17 376 96 
109 221 126 124 437 500 245 33 157 261 144 432 325 208 
442 187 26 47 478 167 192 453 469 264 350 139 271 387 
293 428 462 199 499 279 131 61 426 490 400 73 95 466 
8
454 194 64 367 157 77 130 59 
195 220 431 261 306 327 23 228 
449 404 209 421 362 452 121 22 
420 138 153 75 350 167 184 272 
494 54 412 498 236 4 131 45 
290 298 156 179 242 87 101 66 
377 318 164 24 440 487 173 268 
176 360 280 366 406 71 284 312 
5
380 381 337 498 475 
262 7 109 18 216 
324 260 57 329 151 
233 172 84 421 243 
63 437 238 280 195 
7
77 458 353 19 39 92 313 
202 318 369 372 476 359 118 
114 496 165 142 459 71 108 
456 222 266 311 120 426 26 
74 126 72 272 495 218 420 
193 312 208 410 279 148 480 
419 182 30 240 434 481 348 
19
245 212 408 22 94 140 29 315 455 187 198 444 380 194 285 468 288 365 130 
418 323 254 27 324 201 480 336 126 359 383 414 188 451 209 277 259 427 181 
313 102 333 478 199 205 7 251 230 220 129 17 56 353 396 462 59 121 457 
334 348 101 92 263 77 35 346 106 237 182 416 384 236 190 235 436 82 339 
135 250 492 122 421 411 290 30 88 23 443 331 87 156 233 213 428 475 433 
232 43 406 439 192 435 186 54 394 118 78 308 453 143 332 183 490 441 46 
361 320 52 79 410 280 488 166 9 200 412 256 399 392 229 375 34 111 127 
36 298 60 238 413 15 282 389 493 178 386 100 55 447 176 2 86 270 379 
164 347 151 38 470 76 65 404 345 364 117 286 25 145 431 351 210 261 161 
5 306 112 109 498 195 177 494 445 401 459 402 249 390 497 255 137 4 197 
154 311 430 407 75 158 395 376 471 62 240 330 385 440 352 67 90 438 168 
372 302 114 417 113 271 322 239 204 266 374 363 142 273 423 356 105 260 393 
326 89 325 484 49 487 58 11 262 108 50 208 110 123 467 485 465 244 228 
132 275 72 419 279 312 12 16 28 370 420 460 499 206 147 225 294 469 71 
167 300 203 367 452 483 474 296 342 409 148 400 368 281 391 264 96 268 327 
153 242 425 477 63 397 33 171 303 84 466 173 434 482 489 461 464 358 169 
165 98 316 448 64 247 180 476 146 382 14 179 69 13 426 328 354 378 329 
291 283 48 152 211 287 388 317 160 149 405 24 218 51 21 83 215 341 473 
344 53 37 454 144 369 456 6 1 284 295 272 157 216 314 214 276 269 159 
20
193 372 338 431 160 18 118 441 436 389 86 369 383 78 100 125 79 237 495 284 
388 224 292 128 454 309 263 403 23 451 368 382 30 332 317 396 496 443 482 213 
423 22 126 335 450 391 183 272 230 149 290 401 54 365 444 457 15 303 337 475 
29 497 346 289 426 139 68 453 269 182 152 438 273 101 470 282 69 341 95 358 
57 49 271 278 195 177 412 40 180 3 88 75 288 238 360 166 80 205 251 329 
129 357 446 452 163 127 41 430 277 291 153 12 115 257 161 353 481 375 286 479 
136 262 408 146 459 241 420 39 211 302 46 433 488 493 307 393 155 416 463 414 
342 181 130 392 330 73 253 207 197 266 293 185 345 64 349 494 259 174 204 344 
231 234 460 246 60 233 324 298 323 61 8 194 308 19 362 336 117 300 313 170 
63 14 402 132 442 216 305 296 82 274 175 32 411 209 301 208 275 27 112 492 
343 415 364 331 347 413 16 404 108 370 89 499 85 398 348 111 71 268 83 394 
318 168 184 244 91 381 98 162 379 236 427 468 491 229 109 250 243 38 53 42 
397 43 339 222 147 387 137 359 276 198 417 52 466 178 247 390 138 239 169 10 
35 122 327 326 465 462 145 321 483 105 25 480 235 245 283 311 498 227 144 34 
421 33 355 376 31 192 124 119 464 202 131 81 223 440 190 356 176 447 143 366 
500 11 120 489 206 449 76 51 270 374 310 113 5 395 50 334 306 240 407 424 
66 134 425 265 45 400 156 371 165 135 21 59 373 386 2 158 322 316 384 173 
333 94 469 67 299 55 44 445 280 36 187 114 90 4 121 199 13 215 312 123 
141 164 422 151 218 196 456 9 1 225 429 261 97 351 471 254 314 189 455 232 
148 255 99 354 157 304 258 410 319 485 484 172 133 84 6 102 167 377 320 217 
5
216 303 285 338 258 
141 120 374 113 436 
304 406 384 74 315 
460 251 46 89 321 
221 15 33 289 170 
15
448 160 186 425 424 317 296 29 380 315 170 101 314 252 162 
183 345 65 464 83 167 291 151 463 234 458 303 139 206 382 
477 146 298 330 200 357 25 494 96 188 28 48 482 476 344 
8 99 266 198 489 307 237 293 166 263 270 54 18 439 74 
158 236 347 443 407 451 338 189 496 161 88 153 401 172 264 
128 362 171 498 359 409 279 180 415 421 178 324 164 89 418 
23 337 26 366 428 408 66 320 22 138 352 204 10 92 231 
363 4 72 412 436 349 446 214 450 491 32 30 209 277 417 
35 115 356 39 302 268 137 339 73 431 199 440 218 333 174 
144 53 242 134 335 282 389 61 192 176 285 305 149 193 219 
326 309 492 69 311 290 86 77 473 288 159 201 423 9 97 
239 432 203 377 261 120 265 215 131 472 187 156 341 110 145 
299 84 480 274 11 385 404 173 94 60 62 202 41 340 321 
280 354 413 107 247 43 49 434 118 364 250 111 395 371 112 
7 82 403 2 466 400 454 500 51 350 312 370 1 276 479 
17
496 498 139 108 173 89 131 449 16 56 42 474 171 334 225 315 400 
43 406 331 445 364 149 308 25 333 369 99 110 416 196 109 429 227 
314 21 15 361 409 29 394 87 420 148 348 275 58 209 476 384 380 
181 318 80 96 428 317 107 363 381 206 82 127 373 367 47 165 320 
232 418 424 468 143 146 347 259 189 7 23 63 299 452 113 324 174 
198 246 346 132 76 341 252 33 311 422 469 379 323 194 322 273 289 
66 160 166 187 435 46 419 467 446 214 359 401 44 133 38 199 276 
460 267 83 152 254 396 218 316 86 234 358 313 487 407 13 37 49 
332 277 410 159 36 128 98 403 224 61 226 239 287 104 298 248 458 
271 378 164 286 219 499 26 215 475 20 295 220 327 67 480 301 97 
179 193 205 34 256 60 485 345 488 204 41 244 388 27 425 437 387 
427 392 253 144 296 389 319 151 221 230 459 247 278 50 497 172 90 
386 14 145 371 249 238 242 337 45 372 306 450 192 470 377 490 200 
19 184 5 9 457 360 266 265 229 4 53 430 30 304 163 24 150 
399 217 183 288 486 441 54 330 269 326 210 365 180 125 431 73 415 
11 495 283 434 236 417 129 339 447 456 344 279 352 385 335 48 494 
281 10 39 444 312 69 491 18 231 94 8 282 57 71 349 362 442 
12
152 424 242 86 195 234 481 323 22 188 110 230 
74 236 12 370 315 243 127 415 143 238 226 218 
126 191 380 197 23 213 364 301 391 389 462 337 
376 341 161 159 225 445 473 375 280 71 37 130 
499 290 199 274 49 84 190 91 85 120 334 282 
141 258 137 46 402 16 24 66 472 416 170 67 
133 397 387 349 360 18 286 311 124 468 251 272 
444 289 151 480 268 322 68 201 492 58 115 372 
29 38 101 88 185 260 273 321 496 392 193 255 
172 422 184 371 426 256 263 104 102 449 308 466 
361 261 498 253 348 276 139 15 103 297 107 303 
317 281 440 106 122 165 40 412 13 142 20 451 
10
219 349 492 71 241 208 216 431 340 49 
292 223 406 35 274 196 207 375 395 343 
267 174 376 350 118 143 141 54 300 380 
201 62 308 432 494 284 325 101 90 281 
96 453 319 116 398 29 19 309 316 245 
294 212 98 454 246 288 203 291 133 476 
483 63 97 430 470 485 158 148 465 256 
84 382 466 326 3 163 156 7 434 15 
462 500 347 440 124 277 438 484 356 146 
59 142 249 323 351 139 428 60 238 21 
6
50 126 196 139 360 170 
54 39 406 309 496 391 
388 172 152 357 133 209 
149 491 45 452 372 37 
5 315 119 161 298 30 
44 81 35 253 205 387 
10
351 345 333 481 76 328 57 431 56 32 
149 75 428 210 170 1 249 55 366 151 
271 194 494 314 111 41 302 335 108 23 
119 81 238 288 229 291 142 310 403 16 
258 488 286 433 227 363 316 373 417 148 
219 143 313 306 242 400 293 308 262 358 
437 289 311 421 233 439 374 11 187 224 
274 118 312 40 495 205 231 150 472 455 
342 445 22 171 17 197 447 287 159 337 
384 147 475 123 482 222 244 178 232 435 
5
89 205 137 8 357 
328 233 454 291 207 
465 372 36 157 42 
9 246 422 444 242 
323 211 487 243 464 
11
31 430 270 380 149 383 478 255 341 401 131 
297 500 215 496 179 340 447 30 282 306 64 
52 324 234 298 453 59 228 115 432 37 181 
309 27 316 142 176 167 165 126 495 414 42 
492 175 103 34 222 41 236 91 439 180 1 
352 112 368 268 350 26 310 361 311 460 90 
446 105 410 296 107 130 155 330 343 326 240 
185 20 227 491 133 372 487 271 81 14 318 
247 148 454 220 138 455 172 265 448 457 445 
134 386 241 314 113 357 272 308 158 139 409 
201 65 67 347 399 480 98 39 110 45 293 
18
417 458 384 277 234 290 493 476 479 171 29 10 373 430 125 88 182 372 
361 314 20 8 293 459 360 46 229 81 209 18 403 25 41 220 424 190 
70 82 495 486 306 400 58 63 248 320 196 90 11 260 143 256 156 235 
19 112 296 135 47 310 494 7 205 187 61 99 375 26 266 412 51 315 
172 356 185 168 343 177 469 429 116 128 4 292 94 280 137 35 425 5 
86 351 261 122 167 447 439 342 335 416 84 492 303 393 91 208 34 394 
193 283 414 200 244 367 381 297 228 368 141 443 284 278 464 316 485 456 
108 337 433 184 39 434 305 340 295 496 299 478 437 211 78 129 422 194 
488 204 17 123 307 225 57 74 233 97 139 262 401 45 222 378 270 80 
470 371 460 461 102 219 40 243 12 6 374 251 259 326 252 50 23 15 
490 75 32 98 451 404 130 161 83 298 157 210 321 95 474 441 147 206 
334 420 269 398 249 366 481 48 119 101 198 230 189 201 111 42 104 55 
395 483 471 93 27 418 33 144 477 127 105 131 358 245 231 170 352 174 
14 452 154 376 345 60 324 402 218 448 431 308 87 500 140 365 438 405 
331 21 487 106 3 268 264 242 468 389 148 341 212 288 250 347 409 304 
53 359 163 282 330 114 362 390 176 192 79 286 497 325 353 276 133 203 
24 28 175 397 428 462 221 333 446 370 466 440 16 44 145 454 164 275 
435 445 159 239 30 226 216 56 457 399 65 215 489 109 240 406 71 453 
19
347 95 500 39 136 49 278 32 457 57 329 221 15 173 382 83 465 93 53 
499 291 250 305 241 417 135 432 71 446 486 190 350 139 91 357 267 249 299 
269 311 252 422 172 133 421 307 156 132 55 158 300 339 464 389 327 277 61 
295 452 478 213 337 381 345 296 161 416 380 352 283 191 358 435 34 341 428 
313 30 13 445 108 154 385 181 94 113 418 116 208 420 482 127 495 48 258 
490 96 306 369 479 67 321 492 185 218 260 23 47 167 487 444 368 286 460 
89 207 326 434 90 437 84 384 280 404 24 42 310 265 130 152 340 411 372 
200 206 319 365 425 88 35 52 334 19 8 129 261 45 192 362 259 123 28 
376 253 462 386 430 226 168 458 469 216 124 361 427 188 448 98 159 171 272 
230 273 51 193 343 302 371 16 429 143 359 282 69 234 119 26 150 338 348 
287 415 342 303 229 271 236 325 194 289 266 308 1 164 20 146 264 256 174 
215 7 436 31 449 101 74 438 165 140 270 405 335 2 316 387 292 54 402 
103 163 447 373 111 263 399 22 25 33 180 104 461 323 407 157 66 475 75 
459 80 301 233 122 137 423 431 87 97 162 248 401 222 81 470 212 383 138 
60 210 144 176 268 328 79 43 155 58 237 78 481 477 21 142 317 128 320 
441 453 102 497 356 72 442 151 370 398 412 378 184 456 77 10 336 285 324 
468 297 18 199 344 170 244 394 332 235 4 59 471 254 114 131 489 196 353 
117 205 451 186 195 275 36 68 17 62 377 239 409 118 243 38 5 450 496 
204 240 85 169 246 366 414 360 153 304 406 392 293 276 312 9 41 245 390 
9
286 442 208 339 18 255 151 203 478 
418 86 27 15 146 114 373 95 5 
447 175 230 393 340 420 3 34 369 
252 317 326 228 429 352 49 31 468 
343 271 459 344 8 156 292 144 313 
215 357 475 471 48 122 246 498 220 
386 101 1 401 168 449 389 158 395 
106 148 411 21 461 256 298 452 248 
149 90 359 311 294 128 117 413 84 
15
21 130 185 261 325 473 149 398 19 7 351 138 269 239 227 
386 54 70 271 312 384 15 56 257 1 113 431 48 6 215 
478 387 204 457 369 205 146 4 499 251 440 223 174 75 78 
277 337 65 214 395 404 279 68 16 152 213 290 141 470 370 
120 375 433 371 403 408 246 297 273 87 374 317 482 364 71 
25 13 76 281 119 212 133 229 412 121 160 50 59 293 291 
247 379 109 275 220 226 353 27 313 219 446 91 249 340 307 
235 428 318 142 422 492 489 381 392 396 179 362 64 24 94 
31 155 258 176 373 77 320 442 491 346 255 114 11 136 260 
360 99 385 427 47 173 208 479 496 490 272 397 86 244 389 
300 62 198 167 129 426 294 394 85 252 201 265 123 366 137 
3 316 421 238 42 332 401 487 35 341 41 365 82 63 199 
262 322 53 44 399 347 407 461 32 415 472 285 2 367 303 
232 112 96 228 455 66 465 376 383 414 10 157 448 434 486 
333 280 81 135 177 468 438 182 79 171 400 292 132 28 51 
19
429 379 282 479 51 321 254 407 267 145 1 50 368 392 162 394 21 110 82 
199 354 297 356 406 41 483 484 262 90 481 450 172 385 33 126 398 221 486 
103 22 142 305 155 286 12 454 491 84 496 182 101 247 60 425 161 493 389 
333 128 408 176 138 57 255 402 43 122 313 233 443 238 265 13 463 118 435 
36 93 266 134 123 344 271 308 49 133 453 422 426 68 135 423 214 31 44 
476 404 287 140 207 366 92 59 75 311 485 132 197 415 152 467 439 323 470 
466 433 149 46 227 38 291 386 500 228 9 274 85 191 154 109 241 499 29 
303 63 189 158 11 436 342 326 150 5 119 380 120 160 77 117 458 99 457 
440 69 420 353 411 360 357 369 86 32 414 487 427 304 211 212 279 198 495 
384 244 488 381 377 259 290 430 40 94 292 405 397 104 258 210 89 263 83 
382 201 242 47 316 95 400 442 37 185 447 26 410 330 257 306 78 268 276 
108 72 343 428 107 245 20 293 403 105 65 184 4 14 229 296 239 370 2 
165 472 157 490 250 399 114 235 331 348 364 215 437 220 156 288 205 200 358 
204 445 62 234 345 175 177 446 294 3 424 79 196 319 387 334 137 449 492 
324 314 335 203 127 452 112 318 474 124 320 388 237 113 17 456 76 469 260 
213 325 64 383 361 174 187 270 431 477 243 395 116 121 148 332 27 18 179 
253 322 144 232 71 130 231 264 340 300 136 480 460 55 219 96 240 465 195 
459 8 168 146 208 45 173 61 169 170 498 352 42 70 48 301 473 190 362 
376 302 6 106 28 284 375 419 281 371 143 54 25 80 295 194 489 10 412 
14
13 65 199 420 497 373 79 479 208 454 302 273 247 289 
359 335 461 421 281 131 19 350 446 54 107 159 47 211 
343 260 191 105 355 6 46 124 176 451 17 103 115 168 
450 48 128 379 336 318 337 369 216 80 188 368 357 403 
410 467 483 327 320 237 439 478 279 424 21 122 146 187 
378 261 134 416 284 200 356 278 27 277 349 452 29 9 
92 148 394 147 165 75 342 136 152 117 173 184 234 118 
329 68 413 283 67 346 43 432 311 465 458 222 198 322 
195 269 149 230 190 330 443 339 354 194 58 447 480 415 
125 371 398 235 206 440 331 317 388 391 102 22 476 255 
132 433 366 263 171 40 2 30 387 163 66 491 70 448 
204 4 210 11 133 10 274 425 104 240 31 7 164 139 
390 98 298 372 32 84 376 382 64 430 182 404 41 252 
426 143 94 490 257 113 108 312 52 423 192 25 308 135 
18
365 19 329 350 107 229 410 219 343 464 486 266 424 457 29 218 18 169 
198 435 79 427 181 364 347 433 479 193 407 251 184 333 47 132 451 387 
22 423 480 24 117 173 209 296 299 395 25 466 113 171 92 384 86 389 
178 404 247 104 91 180 281 101 280 327 14 70 237 324 40 190 140 405 
21 207 11 56 445 355 176 442 376 199 339 482 432 264 351 12 492 450 
154 102 74 210 122 216 309 497 314 258 165 400 460 397 291 52 326 39 
286 315 370 164 192 388 353 33 68 396 230 66 194 121 28 155 383 417 
323 242 34 63 293 20 411 186 337 32 65 243 271 496 246 35 93 374 
349 332 338 214 448 263 236 473 302 321 244 231 340 310 341 446 58 261 
342 344 83 152 478 393 372 373 228 274 359 156 8 273 148 418 76 368 
202 390 325 118 225 175 71 305 394 272 233 308 303 346 491 241 298 403 
77 206 489 99 87 297 2 130 201 428 240 55 97 377 300 3 48 10 
224 335 7 235 375 57 422 94 262 115 37 96 294 167 307 81 301 160 
391 159 112 328 110 204 381 50 289 150 279 485 285 320 44 45 23 85 
366 283 141 125 203 437 182 331 256 488 64 139 259 443 322 222 362 255 
51 439 465 223 444 174 288 89 53 124 161 454 420 382 88 189 4 495 
75 16 250 456 234 441 191 253 185 360 357 42 166 114 453 260 95 431 
147 248 378 226 109 90 371 292 134 426 434 474 463 334 455 188 215 269 
5
4 41 254 225 424 
390 353 195 26 497 
52 78 282 267 39 
464 252 317 446 70 
98 467 67 63 151 
13
389 29 140 484 424 249 375 32 103 128 281 330 4 
149 254 246 18 233 419 368 34 84 345 190 362 137 
109 363 296 156 117 48 76 307 86 72 198 405 492 
456 278 180 201 209 192 380 41 385 474 488 23 475 
85 231 40 175 181 391 79 165 127 321 99 414 122 
240 480 406 465 179 195 182 263 293 356 361 454 243 
102 158 468 269 253 261 259 467 185 387 430 70 300 
222 495 452 170 152 64 369 491 338 317 460 118 396 
221 499 401 211 22 123 138 141 248 299 295 39 328 
485 33 178 232 78 104 88 312 16 486 164 150 257 
403 308 52 210 498 284 10 229 366 119 458 320 358 
98 46 146 110 265 80 437 379 326 357 382 421 262 
163 172 459 250 270 305 37 186 131 189 441 378 355 
9
91 215 407 155 304 183 343 157 80 
39 361 377 412 468 101 202 496 242 
268 333 297 172 22 4 338 291 32 
35 31 3 158 301 221 139 228 169 
252 69 391 14 388 443 482 206 319 
257 90 492 379 418 394 310 48 398 
25 294 429 8 265 176 316 491 499 
146 164 461 402 460 275 102 84 330 
322 124 220 182 15 184 318 337 351 
19
272 360 158 202 316 174 483 213 459 378 198 1 419 261 201 315 305 387 252 
106 433 436 368 148 212 87 335 470 30 498 208 256 17 323 72 57 71 5 
276 187 64 343 164 58 429 31 228 414 221 326 146 20 336 184 176 37 11 
38 210 192 330 155 331 426 141 496 388 77 258 457 479 297 484 8 467 122 
441 301 16 347 231 29 220 263 190 394 163 333 217 338 384 223 353 354 464 
234 132 62 277 18 241 254 269 104 402 322 207 285 111 4 346 183 147 78 
342 153 423 375 401 491 411 151 233 54 160 284 460 86 309 296 492 312 93 
137 88 236 400 114 413 427 168 196 238 224 59 119 280 465 494 299 84 259 
422 211 235 446 159 2 270 206 282 39 253 97 405 351 289 356 50 154 177 
124 161 25 3 145 110 142 144 139 493 372 451 129 121 205 99 128 271 91 
264 373 33 96 472 203 265 229 250 157 82 302 101 403 381 35 344 482 386 
489 415 286 376 15 133 475 79 279 379 454 298 317 290 255 95 447 180 294 
292 428 69 13 393 12 383 355 300 61 443 45 116 230 175 476 43 80 249 
262 134 74 22 171 434 94 102 332 189 349 193 204 130 7 357 458 421 115 
169 9 237 244 399 321 410 179 138 327 320 440 215 26 486 108 318 195 34 
488 278 103 68 186 55 391 444 90 461 226 395 435 363 40 371 362 200 162 
455 222 495 275 377 73 283 214 131 216 240 14 266 65 474 98 308 63 140 
431 243 359 310 358 28 409 295 60 83 185 398 365 416 120 418 334 85 178 
374 430 194 337 291 420 307 471 382 126 445 112 66 242 89 199 149 380 105 
16
360 400 110 255 374 468 217 382 484 239 324 3 496 105 111 356 
413 283 42 268 431 279 369 56 119 129 383 231 102 187 391 321 
181 174 25 253 5 17 66 57 78 293 384 50 205 153 376 20 
55 195 121 276 498 51 472 274 440 210 137 182 26 299 451 381 
130 140 235 275 229 194 429 389 151 390 183 7 222 414 77 497 
154 337 161 164 303 39 145 9 124 138 208 329 271 294 367 417 
435 454 90 212 131 198 70 127 170 52 459 103 209 72 420 339 
441 22 219 79 2 247 402 437 281 394 448 290 372 304 314 169 
445 29 243 426 388 59 126 21 6 204 218 221 460 393 421 44 
310 266 416 282 446 254 85 236 58 272 352 148 377 342 252 68 
242 419 477 41 353 407 338 244 74 33 53 15 319 323 175 296 
109 30 227 301 100 201 379 406 54 157 12 317 442 226 71 479 
149 96 46 189 346 220 404 159 318 494 464 373 81 331 300 40 
408 422 114 98 134 11 306 466 455 135 425 160 132 75 490 141 
493 401 257 248 315 322 67 144 162 359 108 238 80 375 481 120 
8 240 139 16 471 250 91 273 259 320 171 13 443 361 143 4 
5
387 105 218 313 72 
500 431 206 435 203 
452 262 4 448 322 
100 41 339 389 226 
309 494 135 242 91 
16
6 138 271 275 34 72 462 429 160 347 277 375 182 336 45 342 
27 4 472 348 62 186 53 468 270 50 379 66 95 369 322 46 
135 376 82 179 43 202 352 438 360 355 373 112 423 421 390 482 
428 337 328 2 226 253 195 155 319 432 440 213 15 374 386 268 
84 388 486 400 11 413 308 284 269 289 83 357 232 354 30 152 
469 258 76 425 26 168 434 228 309 214 470 456 331 332 31 247 
192 230 238 206 144 285 221 452 103 453 339 154 100 377 161 134 
80 493 48 427 65 287 321 241 305 180 366 169 410 158 49 344 
392 149 460 209 165 235 439 162 218 231 219 67 443 465 240 187 
39 467 79 123 286 422 236 338 280 119 120 447 61 426 98 24 
172 393 313 109 300 32 175 254 296 262 170 171 476 487 17 490 
41 63 351 380 442 110 406 23 261 273 51 334 384 365 333 492 
75 368 159 239 3 441 127 353 435 420 327 419 18 114 325 283 
387 183 10 246 299 282 496 91 433 324 117 412 266 304 245 212 
459 68 294 402 220 102 466 36 81 315 19 97 451 104 113 316 
263 449 12 52 497 217 310 278 267 28 256 418 89 383 318 367 
9
312 32 330 412 386 467 174 194 300 
321 112 221 269 143 246 20 486 66 
395 163 259 78 440 374 49 378 157 
202 203 116 74 222 344 442 443 199 
141 26 489 334 254 248 338 44 55 
48 427 75 139 495 262 457 176 154 
204 490 206 169 7 227 376 468 361 
65 145 331 261 190 324 137 63 182 
460 387 487 493 452 144 35 91 173 
12
351 335 236 492 373 168 209 260 442 337 190 90 
105 180 340 240 272 46 315 356 374 424 367 167 
78 53 463 307 364 21 253 295 486 439 436 291 
114 177 4 280 494 398 314 37 41 158 81 380 
234 232 399 336 117 421 285 170 349 308 115 163 
440 213 286 385 448 86 485 169 51 23 330 261 
428 311 35 466 185 499 334 430 219 465 387 488 
394 487 11 425 208 222 183 43 391 211 332 216 
348 98 165 470 382 225 149 325 372 435 92 426 
263 318 95 432 198 416 135 392 270 304 189 33 
138 132 360 30 257 489 366 242 231 438 402 171 
42 188 182 444 152 296 453 365 395 128 423 97 
10
53 428 202 60 64 286 242 131 295 220 
137 146 450 57 393 35 90 10 391 432 
481 376 24 389 420 149 59 485 113 435 
163 416 75 14 46 266 465 319 112 414 
180 225 407 291 241 168 280 310 74 377 
160 254 82 437 186 345 217 299 475 142 
493 162 491 1 12 213 328 300 281 476 
218 143 19 121 457 250 290 359 187 327 
58 268 387 16 486 183 44 367 104 116 
234 301 283 260 193 37 418 362 294 204 
8
90 240 258 305 91 202 407 320 
402 234 294 279 12 102 299 212 
157 135 22 276 261 272 218 295 
274 363 327 99 30 31 238 442 
207 231 96 287 27 297 4 355 
444 50 97 228 376 7 364 435 
378 384 88 349 414 46 254 195 
57 491 85 233 338 492 439 171 
19
117 490 492 468 219 139 137 424 140 447 173 69 213 160 375 145 365 404 332 
105 346 170 101 88 134 179 378 23 59 171 45 323 433 110 429 359 466 18 
437 240 395 286 230 453 352 25 464 282 279 369 407 113 321 355 379 376 452 
340 243 494 479 163 361 271 451 299 347 250 153 441 449 394 304 362 82 388 
216 444 264 462 275 9 328 135 68 410 178 331 196 150 419 384 24 285 461 
203 301 431 39 5 123 312 382 166 497 217 393 107 303 143 288 51 162 98 
487 298 36 493 156 412 235 164 273 356 443 488 337 315 320 177 169 7 409 
481 460 316 226 58 255 341 489 398 207 15 428 475 38 180 465 400 81 50 
76 66 128 186 152 300 294 386 234 116 411 368 147 155 418 92 94 268 95 
397 238 339 93 345 11 390 262 416 91 6 87 141 112 120 403 454 302 200 
225 318 159 260 495 174 480 75 313 37 463 278 183 4 198 62 28 391 70 
484 474 496 456 372 133 114 13 224 435 175 3 115 222 314 245 476 106 425 
32 270 486 415 364 99 126 49 269 43 53 119 77 54 350 334 57 19 434 
125 482 223 360 108 55 41 284 349 83 85 79 96 402 423 342 8 263 414 
283 259 132 353 149 358 33 333 61 308 445 188 272 253 458 228 252 204 246 
56 67 167 254 280 401 467 370 16 432 297 192 236 86 405 261 12 380 220 
205 182 440 197 446 436 442 237 306 72 31 227 80 307 478 469 408 131 291 
29 129 60 266 426 276 102 413 363 63 385 265 351 30 326 100 239 324 354 
330 296 251 124 40 430 121 357 202 367 84 127 229 172 249 122 52 74 233 
18
35 82 301 208 144 256 201 486 485 173 73 227 498 434 244 380 305 286 
337 370 327 491 129 191 83 340 139 452 383 347 128 401 414 37 218 266 
271 20 222 393 78 99 43 480 229 444 454 473 107 250 136 155 13 104 
265 40 71 309 125 429 407 342 292 304 474 313 216 234 495 384 192 194 
187 378 147 246 135 3 89 166 262 237 482 171 161 116 493 203 412 319 
233 105 124 65 346 7 404 464 366 395 397 398 494 341 132 272 198 260 
8 143 428 466 14 302 489 76 322 310 263 424 417 394 468 376 80 372 
119 278 117 426 197 41 455 72 448 150 156 361 469 179 118 330 141 274 
377 365 63 54 195 106 268 100 231 32 242 324 200 145 449 359 232 74 
364 471 420 355 289 458 15 406 275 21 51 450 269 149 1 91 228 437 
69 277 85 17 204 169 182 108 34 279 110 213 391 159 484 12 134 419 
379 343 440 188 154 253 153 255 126 425 26 363 306 497 50 387 47 296 
64 137 270 258 6 163 303 185 285 487 335 317 95 225 254 235 402 165 
162 164 133 490 369 157 463 62 214 2 467 283 92 284 33 442 478 75 
207 196 293 267 408 168 333 30 297 138 433 5 206 199 430 280 410 111 
349 175 456 446 441 261 25 151 375 243 295 49 344 181 97 101 205 112 
36 67 259 240 290 329 114 86 90 190 16 24 121 215 381 423 178 465 
358 339 451 287 336 457 431 403 221 176 472 470 79 210 27 273 388 307 
12
384 101 53 293 91 128 406 243 304 455 240 418 
16 73 260 134 423 139 394 407 104 154 173 94 
47 323 186 397 348 374 181 259 487 436 9 385 
38 325 190 178 430 381 252 6 5 98 390 382 
29 465 452 42 212 100 342 285 284 462 59 213 
472 303 227 446 355 155 232 473 357 273 89 25 
27 269 63 76 289 239 498 18 62 291 110 112 
429 474 484 69 56 219 349 118 40 248 467 214 
90 15 414 253 437 77 197 425 102 179 480 229 
34 370 249 372 10 3 267 499 426 61 44 31 
163 347 151 182 244 270 333 234 126 330 438 93 
475 194 417 449 65 264 431 188 479 203 493 365 
16
207 84 313 417 223 82 406 105 244 353 411 365 15 86 247 391 
161 178 285 54 14 354 3 275 77 373 64 305 169 490 116 255 
171 195 140 117 218 27 476 300 352 496 286 224 284 393 309 408 
444 416 421 453 477 272 101 434 356 378 5 56 266 183 151 366 
292 270 342 340 230 181 132 65 104 369 355 124 213 43 339 425 
399 107 233 9 147 335 386 415 326 6 208 432 106 118 168 328 
260 94 95 423 431 249 473 187 380 228 479 194 76 149 278 134 
58 274 414 374 449 125 22 254 122 481 120 293 418 303 36 52 
16 102 136 316 456 99 258 350 83 85 332 8 484 412 2 188 
25 18 407 367 429 42 480 148 375 323 377 397 388 486 165 325 
143 357 55 446 287 438 338 103 137 427 488 221 363 361 152 231 
48 465 459 69 256 21 35 79 470 139 23 475 291 239 248 401 
197 108 494 205 295 376 33 382 389 405 320 330 129 57 430 4 
68 450 271 370 422 199 186 71 180 127 184 392 50 277 60 109 
93 237 467 396 471 11 206 114 74 281 214 491 32 322 38 487 
435 240 458 358 73 235 483 191 497 485 47 121 185 469 327 97 
20
43 487 424 248 112 63 331 341 56 243 411 156 445 276 178 143 58 446 131 335 
305 284 398 185 175 162 325 495 299 343 159 318 29 235 311 319 208 447 428 148 
264 101 465 473 323 315 151 288 213 117 195 477 390 484 470 41 494 54 191 274 
217 150 116 436 460 16 152 338 403 111 419 59 479 370 25 146 480 100 165 499 
330 26 24 42 218 174 142 371 192 337 139 210 404 492 260 324 281 251 123 196 
239 282 241 308 135 255 250 61 145 292 212 481 75 227 363 380 387 265 277 379 
313 13 221 118 312 249 166 453 364 392 307 423 291 346 440 349 304 358 326 393 
81 161 137 183 4 219 67 412 30 415 253 32 485 333 483 429 103 172 226 12 
462 228 425 230 287 391 207 257 69 110 109 104 214 126 200 432 493 5 23 220 
316 133 129 383 472 420 456 496 286 128 53 51 442 329 309 375 158 396 115 44 
94 450 57 182 66 2 328 278 289 488 50 293 468 301 157 444 190 113 224 332 
46 399 77 20 434 306 486 188 91 21 285 97 47 394 205 246 490 199 244 38 
360 48 52 297 372 266 365 455 359 55 435 463 225 204 237 203 452 168 18 252 
95 497 170 439 171 242 163 62 336 418 122 206 321 378 198 459 92 407 160 300 
416 344 438 457 125 269 49 106 283 430 87 322 229 401 36 361 197 350 45 27 
107 295 458 98 402 37 80 85 209 437 83 441 290 368 121 177 443 234 167 421 
451 70 194 342 187 256 406 189 354 60 10 409 65 298 268 339 88 149 431 369 
28 302 93 201 258 352 79 232 367 68 408 448 72 397 124 414 222 275 347 247 
476 262 356 366 261 374 362 11 15 130 9 153 105 202 40 334 84 320 478 155 
454 96 382 231 138 108 181 351 233 422 272 400 6 216 34 134 141 474 314 345 
19
49 78 292 194 94 365 161 458 225 180 472 395 238 329 275 6 242 282 416 
170 234 466 445 86 200 62 43 132 29 93 69 476 92 351 2 155 334 125 
177 246 459 345 498 316 24 317 320 79 21 213 409 30 442 453 75 335 163 
197 403 116 342 154 187 219 175 63 190 330 482 257 144 169 283 149 112 463 
224 306 376 284 249 131 300 36 462 343 381 350 451 82 139 305 189 239 464 
80 110 202 433 315 133 185 425 253 267 429 22 42 35 450 480 499 222 174 
207 291 52 201 277 124 339 243 237 73 45 122 279 37 250 23 427 11 64 
218 327 164 500 493 136 417 210 336 105 248 48 392 364 356 490 481 471 496 
216 281 111 199 422 355 460 40 354 27 388 394 114 423 142 474 352 140 261 
32 130 309 273 367 109 468 134 436 454 117 208 321 247 456 393 322 14 428 
121 252 90 379 419 241 375 15 323 17 223 319 413 369 173 276 188 38 286 
288 448 465 19 390 386 404 13 146 301 414 405 486 217 12 410 10 492 206 
68 432 358 115 156 255 294 193 53 91 435 293 434 159 221 374 127 77 26 
373 259 470 406 391 191 31 71 274 89 123 357 475 402 368 18 76 192 95 
495 366 489 98 270 8 477 268 438 407 347 443 107 304 325 176 251 485 457 
99 181 308 285 34 487 60 328 467 424 384 265 232 298 212 61 295 47 148 
126 289 183 258 332 151 198 33 372 157 54 227 83 452 280 412 389 128 104 
488 494 72 50 59 1 318 359 303 324 103 229 171 296 446 313 362 145 70 
299 165 179 209 230 363 25 397 264 256 4 449 81 360 278 478 100 483 84 
17
29 393 23 81 149 453 187 59 28 213 206 316 394 234 117 162 230 
309 124 285 417 34 337 294 442 404 251 201 46 464 16 324 391 108 
102 325 218 80 440 195 386 478 500 466 367 287 406 85 158 387 254 
35 293 373 481 457 133 401 312 145 494 175 8 226 496 281 272 138 
426 44 181 173 269 239 70 101 399 87 480 410 232 24 156 249 413 
68 39 192 424 48 444 474 227 152 127 186 65 55 113 314 140 364 
95 377 248 43 495 338 104 135 371 321 79 381 437 151 458 388 215 
143 273 203 150 114 13 467 418 268 402 123 204 277 318 154 376 4 
78 436 53 473 443 490 228 235 283 131 319 336 375 397 185 439 479 
276 468 322 374 264 15 288 361 300 61 223 190 208 470 347 449 330 
263 411 45 197 99 483 328 487 349 47 50 486 54 110 298 472 389 
164 214 136 134 384 168 491 493 170 454 17 456 242 160 56 196 326 
74 231 259 1 304 427 425 7 2 257 400 335 247 344 434 22 107 
477 37 115 463 465 132 433 302 157 446 441 73 430 193 485 178 317 
103 333 169 120 60 200 82 137 431 83 476 75 180 419 438 327 93 
212 409 191 40 301 31 253 10 106 339 286 183 461 121 422 172 116 
32 363 126 340 155 57 252 279 265 86 163 492 290 469 3 25 27 
10
457 61 444 493 356 426 219 315 335 116 
389 93 449 446 150 106 216 398 260 377 
383 75 180 310 71 212 330 241 365 43 
201 382 347 226 381 243 35 24 291 171 
458 466 193 2 194 115 282 37 42 379 
68 57 58 497 332 231 89 324 386 86 
452 393 349 56 265 424 326 81 293 90 
301 259 47 281 456 353 96 147 263 141 
362 425 207 91 50 441 247 143 206 151 
421 3 442 348 485 440 439 256 183 248 
16
387 484 168 254 290 372 347 422 199 190 478 101 344 465 33 9 
84 34 219 488 256 314 357 111 5 134 352 476 402 480 174 470 
381 19 225 72 497 295 133 27 22 353 463 77 348 263 165 187 
489 7 471 500 59 321 207 118 217 496 178 450 211 460 336 155 
25 338 444 12 99 421 2 485 66 499 171 252 448 350 454 241 
50 368 301 185 26 203 45 255 318 21 253 416 322 4 370 237 
116 429 81 16 56 475 300 443 30 198 486 382 492 374 192 52 
235 282 93 88 100 332 386 205 281 54 292 320 10 83 334 212 
284 435 149 44 151 423 430 360 246 330 223 293 3 182 308 188 
269 458 298 126 432 311 64 70 393 261 49 35 200 8 173 346 
96 6 143 46 367 456 230 340 337 358 403 221 409 376 362 271 
104 159 439 194 244 299 331 399 131 71 276 195 119 303 383 63 
493 107 286 431 85 117 398 62 76 378 82 38 109 162 158 373 
462 201 243 175 152 266 140 197 375 343 327 53 40 48 193 304 
68 17 260 438 464 144 250 369 164 170 419 120 354 103 161 390 
400 365 467 339 245 189 142 481 128 461 95 440 28 479 94 296 
15
88 33 48 14 320 291 424 471 106 346 462 87 231 456 84 
29 265 311 458 160 348 392 499 359 107 281 53 330 230 222 
199 274 286 212 115 351 371 254 358 110 175 442 171 45 225 
449 109 35 98 122 468 390 72 74 68 204 433 415 80 116 
465 217 272 327 9 294 500 464 208 211 93 247 76 349 180 
419 62 133 447 15 338 73 69 396 308 486 56 30 26 112 
266 430 177 380 498 425 345 488 139 337 164 89 124 147 246 
224 277 101 298 59 487 393 251 387 295 484 470 450 323 47 
50 356 273 200 332 455 495 229 91 51 161 399 312 361 318 
423 34 214 343 386 492 12 372 367 483 159 198 166 196 448 
183 157 302 379 8 493 280 446 40 188 416 240 383 96 131 
243 156 267 153 132 409 209 466 20 480 108 482 25 258 401 
167 491 275 4 134 317 245 296 75 355 417 3 370 460 203 
103 86 428 309 374 260 279 174 299 331 333 119 216 184 11 
435 181 357 120 255 242 44 473 126 65 221 223 85 476 127 
7
486 458 223 32 102 490 314 
263 86 218 429 303 274 209 
255 366 188 435 175 447 392 
362 463 398 109 468 91 35 
72 364 30 184 127 462 327 
318 455 406 434 322 11 309 
101 165 495 3 243 304 110 
14
70 326 329 413 133 38 253 223 175 61 332 237 287 215 
376 30 360 417 76 83 477 440 8 228 141 101 97 317 
453 218 96 484 78 17 300 148 456 411 177 87 126 189 
356 324 44 140 451 409 469 486 290 121 314 138 471 393 
194 455 234 185 9 379 137 168 249 349 149 361 128 244 
330 22 284 427 433 351 474 40 166 164 418 123 270 120 
441 242 271 84 225 341 69 169 99 246 192 426 423 346 
313 163 452 299 398 464 63 114 394 362 494 372 7 337 
320 154 199 366 39 354 193 210 202 350 297 385 490 144 
294 85 50 195 81 353 288 436 420 269 304 431 124 255 
187 428 402 157 251 275 222 388 26 31 365 136 41 262 
461 386 100 176 135 359 265 24 364 478 172 156 463 473 
196 221 390 370 454 263 487 90 322 335 348 241 95 160 
415 107 489 247 439 289 334 301 72 112 307 476 219 274 
12
478 25 360 80 454 371 150 261 359 219 102 35 
354 239 491 430 486 244 484 495 155 38 325 419 
456 451 135 418 357 271 380 157 334 121 59 500 
466 73 298 18 344 445 162 412 257 193 174 147 
342 11 104 46 65 320 176 178 93 245 365 401 
114 310 303 442 349 101 181 232 299 370 372 268 
312 119 190 469 241 358 377 143 57 45 483 475 
172 79 249 448 133 246 414 222 293 72 431 345 
242 433 203 386 276 140 323 201 227 424 316 460 
159 492 179 295 169 473 333 42 306 109 439 279 
218 339 130 17 129 8 394 270 33 379 385 297 
292 273 332 440 434 24 485 269 283 180 224 384 
6
261 440 471 370 118 453 
94 367 489 103 431 28 
62 462 366 19 407 399 
98 226 376 112 80 316 
349 364 374 368 433 38 
315 301 317 11 394 143 
15
153 232 251 470 309 373 471 171 474 263 141 341 75 484 170 
489 301 351 194 280 262 409 228 54 494 79 365 410 317 327 
3 242 53 404 360 31 297 140 239 56 440 123 323 155 386 
361 439 115 15 282 452 451 128 233 213 163 478 367 189 337 
257 279 137 108 174 457 331 442 177 37 198 230 388 212 14 
138 136 460 415 85 488 291 345 173 104 379 215 374 83 197 
330 461 19 340 9 446 417 353 69 293 445 433 63 23 378 
89 271 48 307 139 169 397 482 266 423 316 393 444 481 219 
199 416 318 370 2 172 192 500 81 86 315 125 427 167 67 
499 181 43 312 78 311 428 425 88 402 243 401 245 47 408 
389 435 210 491 10 204 41 148 200 227 348 40 97 449 390 
151 458 455 231 270 414 300 473 430 131 286 395 247 68 492 
159 422 246 165 496 321 497 412 303 265 466 158 107 62 58 
191 222 195 354 420 241 498 272 343 220 202 111 274 314 468 
113 298 134 50 34 71 55 5 156 201 185 419 162 447 268 
17
460 161 238 197 15 447 401 302 95 73 328 21 77 372 46 437 178 
218 103 313 300 1 37 283 499 65 332 246 34 216 353 374 76 82 
444 478 362 199 6 212 420 108 316 177 274 375 198 497 10 307 281 
240 472 320 143 395 431 352 417 41 69 222 253 249 140 369 202 187 
175 70 322 185 345 236 90 84 344 470 288 403 136 488 144 200 339 
87 61 393 450 80 250 148 121 388 392 406 196 24 412 389 337 57 
306 351 227 259 239 394 474 170 321 126 347 415 466 50 8 42 400 
179 206 445 120 251 443 164 325 91 356 9 110 469 210 309 66 75 
160 260 59 138 162 429 248 355 228 242 398 263 371 207 459 290 174 
7 399 101 43 492 295 387 287 165 231 58 139 323 33 361 461 349 
229 364 276 267 298 479 378 60 45 137 410 86 96 209 53 102 125 
39 156 455 150 16 384 79 252 201 304 343 383 422 335 112 456 396 
122 498 219 124 266 465 297 62 184 265 123 452 419 296 308 390 462 
350 186 324 391 106 305 68 30 153 258 270 294 26 289 254 477 409 
93 132 133 245 12 334 433 434 115 18 262 168 119 301 85 147 64 
286 408 346 285 317 134 327 230 214 280 92 104 330 427 98 370 32 
482 167 22 111 348 338 414 500 292 357 358 407 36 105 363 100 14 
15
69 91 82 387 370 379 311 430 382 377 432 350 296 57 37 
464 448 71 46 194 472 84 79 391 468 320 113 149 266 197 
269 397 67 392 218 249 36 51 278 123 384 66 305 284 471 
112 346 289 159 424 349 407 107 385 208 118 98 87 261 131 
34 359 415 491 188 367 427 365 1 150 413 431 271 102 52 
283 498 309 95 22 446 92 467 119 139 163 175 343 169 481 
146 414 2 292 347 312 246 402 74 328 33 354 436 231 75 
153 380 237 291 493 306 177 410 259 121 104 484 356 83 48 
275 353 19 254 110 458 179 496 455 399 272 56 229 88 247 
170 433 32 444 42 212 171 72 209 232 297 375 463 133 215 
217 404 134 187 480 125 304 426 138 243 473 245 434 111 423 
156 49 53 341 182 475 216 85 294 373 479 8 476 443 307 
340 142 128 454 157 184 97 136 255 158 497 486 348 488 482 
329 28 317 126 376 386 286 331 321 59 298 205 316 262 114 
130 462 345 396 263 117 63 207 393 141 429 478 435 325 122 
18
486 331 48 461 271 386 452 351 174 203 14 253 242 30 345 424 293 471 
417 10 108 389 411 197 378 305 93 221 443 359 26 202 380 387 4 318 
268 24 326 332 488 286 162 381 90 226 490 269 327 276 428 2 77 470 
463 78 19 184 39 484 74 342 61 251 394 458 67 287 421 258 154 195 
371 192 212 393 348 474 103 94 412 179 373 44 228 206 136 426 85 66 
415 53 11 446 475 340 42 237 483 297 360 423 230 325 304 322 402 205 
41 473 436 45 157 413 337 111 273 64 147 438 479 224 239 104 18 455 
55 58 462 80 131 169 454 405 377 439 301 262 399 9 71 434 166 296 
257 92 233 383 254 280 409 13 270 240 81 259 481 102 397 248 410 478 
199 28 143 376 189 204 244 32 267 295 385 435 274 349 265 153 214 220 
460 70 188 225 466 396 361 277 180 187 176 97 114 135 313 489 141 352 
241 31 392 33 496 437 494 303 235 356 404 7 164 23 388 113 27 278 
307 433 291 43 83 209 440 126 150 391 211 302 379 401 6 122 430 382 
354 123 499 333 75 47 181 390 243 279 285 112 482 193 110 493 175 441 
288 217 357 118 395 444 355 289 171 117 218 146 99 208 116 495 186 229 
87 165 17 250 485 139 403 416 72 282 372 142 261 1 170 173 425 52 
320 366 119 414 219 324 260 201 210 127 168 132 346 449 178 450 400 329 
408 312 145 223 57 125 95 362 365 16 457 29 156 46 22 255 308 207 
18
236 59 442 249 331 127 221 433 166 71 87 94 185 289 362 496 85 19 
215 327 263 483 196 47 63 61 353 12 490 2 242 227 484 143 234 216 
468 172 250 170 208 108 279 319 76 181 200 161 88 155 230 429 486 16 
38 211 118 374 114 387 305 157 206 320 219 443 152 479 290 403 52 252 
44 388 262 109 199 399 198 26 73 17 169 500 165 357 417 229 190 451 
128 292 177 197 345 75 401 472 77 261 419 91 69 459 107 318 84 321 
39 317 247 8 411 20 93 300 434 40 225 79 253 283 352 141 421 285 
415 286 33 48 275 377 370 297 67 80 89 378 65 64 101 453 454 15 
78 174 29 11 348 276 150 273 171 475 406 120 476 456 393 144 121 53 
258 58 316 396 381 482 124 284 420 18 270 188 106 363 31 430 244 450 
326 481 213 485 154 309 405 110 372 423 307 96 340 380 27 246 191 218 
470 339 455 60 335 122 135 257 164 310 330 237 422 14 255 148 471 136 
251 371 477 266 425 203 325 488 205 74 341 395 138 28 168 274 432 173 
158 194 299 265 487 233 441 235 49 308 42 272 358 298 137 493 291 202 
497 72 489 438 350 32 115 113 239 86 329 324 379 314 301 408 82 41 
407 57 351 398 160 463 256 210 360 424 464 3 447 195 268 51 428 418 
313 129 97 315 99 295 23 224 446 212 248 62 367 375 287 56 13 22 
494 366 386 457 131 34 220 337 440 98 334 207 175 323 217 306 70 473 
7
266 356 316 209 458 83 477 
188 125 342 377 166 338 433 
186 74 412 193 220 459 299 
348 374 393 210 290 487 146 
435 25 167 339 191 152 31 
473 282 37 151 415 138 51 
460 180 286 233 162 330 17 
13
361 427 385 420 144 359 230 263 414 227 397 196 215 
480 55 3 99 310 121 180 163 316 39 106 202 347 
451 222 242 15 30 47 250 108 234 446 364 354 168 
130 333 82 411 320 176 338 59 407 149 229 342 46 
77 197 353 321 209 388 301 383 489 467 484 40 204 
141 146 117 471 469 27 238 119 395 249 90 81 488 
216 482 51 254 186 311 328 193 375 253 455 454 422 
62 181 19 135 438 304 199 498 355 372 271 104 465 
67 158 156 284 327 91 350 151 136 34 64 470 307 
12 201 214 258 31 398 18 6 474 296 442 237 239 
267 182 44 317 191 248 499 450 235 134 409 389 63 
69 410 357 415 332 107 161 429 394 120 37 21 345 
366 175 374 122 89 190 96 431 445 290 97 379 293 
5
252 57 28 113 408 
193 82 310 154 384 
243 68 70 234 14 
55 219 496 381 177 
89 488 378 282 419 
9
494 100 171 166 78 239 126 375 373 
118 311 355 254 414 452 304 242 189 
365 464 177 87 440 437 282 321 50 
1 429 82 102 439 491 227 389 454 
229 316 352 122 28 483 357 134 131 
490 195 455 461 234 198 459 449 83 
219 49 41 169 425 338 340 208 121 
323 329 137 24 398 149 6 61 74 
186 279 287 467 224 345 92 288 301 
12
180 348 402 235 36 296 315 32 191 352 232 152 
260 256 443 268 335 49 329 179 255 91 279 450 
93 207 319 223 15 97 408 182 366 463 47 209 
447 185 440 297 400 1 300 361 404 202 266 128 
245 419 455 431 113 252 214 394 434 22 121 57 
63 219 105 162 79 6 426 500 312 344 203 492 
107 372 331 216 149 499 405 181 464 263 424 14 
205 83 131 276 138 154 345 84 176 96 270 479 
398 498 151 385 489 271 383 110 206 308 112 458 
172 236 453 167 449 164 119 422 391 10 410 67 
45 413 377 200 438 226 108 347 364 278 272 459 
412 56 27 448 445 38 192 184 384 135 401 341 
10
162 254 150 377 122 322 430 268 241 57 
335 127 108 276 160 11 229 246 480 105 
96 90 282 75 265 224 79 400 103 293 
139 182 40 83 403 352 72 249 320 166 
196 360 106 466 175 169 8 94 177 500 
133 414 494 230 135 14 279 255 109 342 
364 215 456 181 156 440 93 407 226 317 
336 121 154 450 459 442 348 415 486 389 
168 374 310 358 205 288 369 235 18 339 
323 167 76 431 495 277 185 3 330 452 
6
230 253 307 433 94 279 
17 192 247 66 124 85 
113 499 252 104 180 173 
33 496 77 1 274 74 
310 277 407 351 435 5 
388 448 210 416 129 23 
11
14 366 313 284 203 148 19 418 398 395 231 
69 440 318 468 367 380 344 218 392 281 261 
78 121 343 195 6 432 316 168 377 272 263 
298 340 25 474 319 494 476 369 61 2 143 
386 74 125 376 264 80 408 103 206 426 256 
444 37 112 147 162 314 353 28 135 52 420 
497 447 295 361 323 205 419 193 292 478 178 
455 394 211 327 172 449 39 238 236 328 473 
156 290 412 77 317 381 101 301 54 227 460 
279 302 60 235 335 173 368 479 146 104 31 
87 294 66 65 336 283 155 67 396 493 232 
16
389 344 243 454 44 306 372 325 326 51 181 21 294 164 7 380 
427 212 386 335 236 408 220 31 466 104 6 433 379 165 391 401 
191 422 457 4 60 238 269 393 276 95 334 270 499 375 309 303 
343 52 28 310 109 479 147 404 35 314 138 185 338 424 96 127 
265 3 260 495 184 81 488 216 329 173 145 218 259 476 20 176 
172 248 234 224 204 130 209 475 434 352 131 106 490 290 275 100 
76 37 72 400 64 271 24 307 110 442 34 26 287 254 2 98 
32 257 411 56 491 162 151 111 217 80 136 84 456 286 116 426 
11 296 273 347 394 500 468 319 23 293 320 1 362 62 428 474 
226 267 421 291 453 148 85 349 249 470 439 190 339 13 213 129 
395 398 341 139 250 263 9 241 419 436 247 174 268 57 414 240 
316 480 120 215 288 262 168 102 71 137 178 230 244 61 323 135 
407 418 105 92 140 90 356 153 336 463 89 355 156 345 459 492 
143 295 99 315 29 266 188 161 477 43 446 160 255 473 73 406 
228 222 302 489 317 200 485 183 180 155 384 449 40 36 75 30 
482 458 144 25 235 358 351 497 494 324 392 321 382 142 460 403 
13
404 433 148 468 250 489 236 448 320 48 185 315 129 
457 493 381 385 22 171 360 309 343 9 35 112 85 
259 423 306 190 271 217 70 492 199 254 304 14 461 
235 488 210 308 491 450 386 16 53 286 234 127 456 
497 260 251 78 135 30 324 447 249 39 11 366 263 
436 125 227 196 63 452 223 338 89 197 334 154 257 
274 142 12 158 170 116 296 159 51 202 371 186 146 
372 38 246 26 337 332 67 333 275 299 169 141 453 
459 8 326 344 321 484 480 222 455 226 242 157 247 
91 1 101 322 172 118 298 4 124 483 147 28 216 
156 62 7 265 137 439 119 437 113 494 187 133 73 
134 362 441 444 465 138 10 327 471 98 384 432 418 
354 500 446 357 281 303 46 94 375 131 395 302 496 
15
65 6 453 171 181 69 245 233 317 476 372 308 389 470 200 
178 113 251 336 384 182 445 189 91 172 438 274 266 452 283 
211 170 47 204 231 78 213 108 164 492 271 350 177 110 423 
190 424 167 145 176 138 62 29 187 414 49 309 103 385 93 
92 83 391 318 254 18 97 276 247 68 50 9 472 387 174 
390 191 157 413 425 173 243 162 53 497 450 123 394 227 121 
141 313 229 222 357 71 59 66 434 371 485 236 63 457 473 
223 151 75 487 304 232 329 393 114 346 58 253 155 117 356 
479 205 440 259 239 326 416 463 64 333 116 37 301 342 310 
35 125 337 272 39 152 471 420 278 370 456 134 345 156 126 
212 14 168 256 248 493 23 241 262 224 275 415 343 298 447 
386 90 235 402 468 478 225 273 74 379 179 139 80 127 131 
355 102 261 403 32 477 293 260 13 375 199 353 373 197 323 
52 499 175 119 461 221 15 451 412 135 312 466 352 367 475 
24 137 100 419 401 250 55 70 132 349 143 194 51 358 242 
16
354 309 327 449 491 112 229 233 232 302 500 481 13 47 108 218 
303 206 196 81 158 391 396 186 214 334 315 175 3 431 451 116 
443 370 68 118 19 486 282 226 130 278 444 292 403 420 44 365 
476 6 174 242 216 353 498 415 484 250 450 448 192 222 455 182 
489 83 286 102 87 372 88 407 411 115 268 163 100 341 22 467 
319 264 422 217 219 418 123 98 80 131 357 458 193 24 157 495 
343 211 331 269 147 375 39 167 128 497 314 412 12 54 223 228 
428 153 51 86 40 168 155 58 251 421 224 456 253 463 16 485 
15 164 416 401 203 258 1 318 53 96 325 21 457 424 358 496 
179 310 362 469 71 492 265 42 277 146 52 7 151 121 205 46 
493 111 140 473 89 141 307 324 176 225 66 381 479 29 254 279 
470 106 389 144 394 50 17 299 221 194 399 172 367 402 262 430 
377 107 336 446 125 181 397 190 213 328 294 126 237 215 435 453 
171 120 290 249 72 363 387 275 374 339 92 246 10 43 346 378 
150 248 241 284 392 320 471 20 62 117 236 321 326 31 36 379 
274 63 349 276 429 252 296 445 30 245 335 256 490 281 472 352 
17
9 175 362 492 67 464 45 397 474 47 165 273 182 495 295 290 168 
453 354 209 332 86 6 455 411 439 353 460 277 126 155 335 183 26 
451 435 238 316 480 130 261 266 188 87 88 249 313 341 440 358 142 
42 452 272 491 102 387 421 262 19 473 433 23 116 234 461 215 318 
13 384 498 190 59 28 76 450 153 472 197 85 327 148 34 443 305 
96 194 427 292 355 121 300 140 108 120 8 93 426 172 15 192 299 
259 18 289 200 202 75 145 135 429 380 99 325 109 391 57 184 253 
470 143 346 10 54 106 296 344 226 442 351 398 350 224 320 385 294 
133 376 400 181 36 1 83 79 369 260 363 487 163 361 212 366 5 
465 414 82 205 167 475 359 434 445 458 55 330 203 271 63 420 4 
50 252 430 247 367 431 364 159 457 74 423 217 317 438 407 11 162 
285 298 152 343 84 360 89 134 35 381 246 14 230 61 303 312 324 
356 3 158 265 307 191 467 114 44 392 187 329 250 196 291 441 463 
193 282 264 115 64 33 38 323 241 448 275 422 494 276 396 225 432 
211 383 409 428 283 17 78 338 131 479 201 251 189 447 206 258 112 
255 301 378 223 368 321 177 7 60 105 39 418 340 477 390 444 345 
248 176 245 437 469 352 21 373 315 80 257 293 127 481 393 160 40 
14
29 277 148 28 384 429 3 420 308 353 233 472 152 330 
474 332 372 342 65 198 460 326 309 79 296 431 179 406 
267 478 260 467 484 338 76 21 289 97 23 381 487 468 
6 113 229 380 452 263 354 197 319 298 297 146 366 418 
34 358 399 205 153 134 373 475 337 63 130 254 417 435 
54 74 331 438 10 280 49 259 493 129 284 268 117 96 
415 38 16 485 241 274 481 411 292 102 320 295 262 351 
77 365 222 329 477 202 169 239 288 196 459 410 92 386 
163 175 450 85 480 123 492 408 82 370 70 247 425 66 
456 454 500 43 304 375 407 68 182 191 470 434 275 167 
482 56 112 310 490 176 160 203 293 207 306 228 122 189 
48 128 409 111 282 396 32 237 67 164 188 287 281 73 
101 389 266 41 314 313 127 491 273 139 269 141 208 271 
221 340 199 264 244 446 135 466 346 100 316 184 69 84 
12
143 265 338 181 253 100 319 172 105 164 71 35 
286 454 161 489 329 38 259 202 37 156 94 411 
417 97 56 23 483 390 295 98 442 292 27 67 
294 277 58 196 204 226 372 166 178 246 422 314 
419 479 213 194 221 51 54 171 452 180 300 7 
39 93 473 345 214 388 450 36 290 169 41 96 
222 446 432 193 234 378 377 406 45 323 129 160 
62 250 101 429 305 123 59 174 212 244 73 458 
499 89 117 353 494 205 240 267 25 279 140 346 
206 438 150 288 99 191 462 464 4 425 461 63 
208 75 42 412 19 109 437 141 276 120 477 393 
115 195 235 60 43 11 76 268 460 407 453 86 
10
31 308 350 356 87 28 493 92 30 35 
198 200 406 317 302 492 112 369 253 199 
326 306 336 324 421 216 43 203 118 174 
265 221 433 139 318 469 71 394 386 119 
85 222 22 42 6 141 284 417 259 79 
486 173 236 76 98 402 361 179 83 294 
230 32 494 13 285 37 227 234 258 1 
264 359 148 383 225 111 488 219 182 160 
332 168 19 245 18 209 59 161 446 453 
38 444 416 348 29 290 304 458 283 65 
17
398 417 134 290 106 248 152 93 108 385 245 222 263 479 339 477 484 
327 116 210 324 254 133 129 138 14 74 491 156 355 70 31 309 276 
470 442 190 415 286 262 277 467 126 498 471 158 216 463 258 382 26 
362 113 150 182 87 271 45 131 421 23 372 409 7 72 390 39 437 
459 38 114 117 101 338 313 410 97 65 41 137 380 261 172 371 214 
294 449 300 401 394 204 207 29 32 253 142 341 476 367 198 369 408 
135 331 213 28 496 186 238 42 225 414 34 493 95 440 128 316 120 
413 354 44 144 374 311 217 383 145 266 84 388 122 206 257 178 11 
226 270 241 348 386 472 147 431 269 148 246 21 343 279 104 305 485 
347 143 162 283 352 495 405 124 349 197 329 303 365 458 58 229 397 
342 475 447 256 273 13 81 75 260 68 469 337 202 450 481 455 298 
282 454 176 37 107 224 212 285 199 56 19 140 35 50 429 312 175 
141 425 441 235 196 195 364 168 377 293 287 490 211 452 251 12 230 
330 151 193 194 183 187 483 66 244 322 9 359 55 4 323 492 295 
430 169 54 420 378 317 92 360 438 127 57 119 407 379 301 233 43 
500 433 136 154 444 363 1 234 325 456 334 177 422 255 402 335 278 
389 424 252 189 155 434 465 171 179 333 396 315 157 130 36 236 299 
20
349 498 451 103 165 322 91 299 162 395 456 479 466 387 499 213 244 219 272 495 
87 206 149 329 40 59 17 39 288 176 372 158 194 166 233 461 50 249 281 228 
239 131 328 390 241 311 163 229 150 161 480 242 438 385 31 155 2 341 279 347 
256 308 371 305 343 314 57 422 310 315 478 259 182 423 201 407 204 307 354 435 
450 491 169 209 148 77 337 43 411 9 126 11 56 20 27 339 99 380 375 86 
257 436 399 30 278 376 4 208 116 122 358 78 72 82 139 199 178 406 361 301 
227 38 497 67 10 117 147 151 475 7 393 352 146 234 167 283 382 111 226 434 
33 185 421 1 253 52 484 417 303 482 471 108 258 444 408 284 492 367 8 65 
437 441 51 287 83 353 476 290 142 424 264 486 261 61 49 292 76 135 473 45 
269 85 260 465 273 439 267 47 331 455 326 332 71 412 429 211 58 37 277 462 
381 55 224 190 184 14 362 159 270 157 316 294 41 285 125 389 175 168 136 384 
426 334 119 22 32 221 104 81 94 118 464 96 156 327 240 286 443 90 472 170 
195 357 274 120 302 202 130 255 396 137 319 105 79 481 373 391 187 132 368 113 
474 405 454 171 212 369 222 243 431 18 214 338 500 348 289 73 433 306 470 265 
359 236 21 26 110 48 493 321 6 363 346 127 379 80 490 370 404 144 317 489 
418 445 275 452 400 177 164 344 89 313 351 487 378 34 189 469 388 237 494 60 
377 318 383 309 133 425 312 419 69 231 235 173 397 109 252 138 496 386 25 247 
403 232 440 64 401 88 196 320 44 463 98 330 107 296 245 402 191 340 215 430 
323 446 298 300 410 84 223 468 92 217 66 62 263 68 101 218 192 414 95 93 
335 115 102 140 447 97 291 200 345 197 297 449 183 246 238 420 70 207 355 42 
17
141 57 2 433 34 28 348 409 51 175 385 362 6 217 233 386 382 
276 336 453 190 122 460 326 228 168 312 350 17 229 292 421 56 181 
167 77 108 296 247 27 428 407 79 353 151 384 11 277 297 441 8 
31 185 5 91 274 71 358 445 359 282 298 262 193 472 29 183 320 
82 10 406 97 311 286 349 432 244 457 143 325 13 388 134 214 55 
370 397 109 376 39 16 295 110 21 380 158 174 24 412 45 170 477 
449 414 373 196 273 220 281 314 415 12 456 44 337 284 462 455 135 
208 219 32 308 335 251 270 340 225 50 288 84 442 418 123 136 41 
492 486 129 203 398 495 483 280 294 188 206 202 427 63 73 99 283 
315 197 95 184 125 146 313 157 187 115 394 138 416 223 88 383 264 
211 189 387 114 447 213 439 103 234 127 67 279 393 484 450 437 467 
360 318 201 303 302 186 250 330 331 153 285 420 490 451 105 357 111 
253 488 155 165 101 239 226 87 241 259 269 76 417 246 352 130 119 
195 287 70 309 343 162 166 267 117 333 43 403 40 391 113 149 222 
332 243 68 62 351 371 94 334 254 65 90 328 37 144 260 364 78 
85 172 163 81 116 363 299 419 179 252 345 346 319 265 58 256 150 
378 487 271 479 235 446 249 182 89 459 59 425 1 410 173 177 344 
14
63 177 338 467 152 257 432 460 435 455 222 19 340 183 
488 415 361 305 99 21 481 188 499 279 398 496 111 275 
215 236 172 383 203 249 155 289 214 468 123 425 73 31 
82 413 287 29 310 302 290 371 456 115 321 333 34 156 
229 180 379 351 264 101 347 201 39 121 447 55 417 476 
239 173 412 247 189 472 185 65 358 137 77 440 49 404 
193 471 360 79 151 30 179 48 335 187 470 240 204 184 
122 141 216 370 24 28 57 14 300 136 253 344 196 280 
27 500 202 68 145 403 104 223 367 118 319 161 232 477 
174 313 384 33 366 113 451 493 211 462 295 304 208 491 
283 414 160 92 443 242 352 227 402 244 408 149 495 487 
348 258 44 410 238 192 430 426 109 157 62 213 225 107 
259 385 330 364 267 153 350 441 126 54 271 262 422 355 
200 423 372 217 195 309 190 93 66 490 91 86 100 117 
20
457 19 179 109 63 199 448 54 227 455 112 12 414 201 86 314 107 412 56 262 
371 166 336 211 119 422 381 164 337 50 390 121 223 83 28 303 2 235 243 429 
190 387 287 415 436 433 350 497 398 18 198 31 476 88 466 357 247 346 24 308 
288 233 358 226 176 257 197 85 468 102 307 143 160 432 206 183 375 16 200 340 
30 416 406 447 110 80 360 273 9 365 352 289 364 111 424 407 117 413 396 344 
306 230 456 195 417 372 150 461 62 349 444 44 221 494 98 238 29 43 394 162 
126 178 458 225 251 137 240 425 334 237 321 47 81 184 325 268 484 465 331 89 
249 271 499 299 49 400 187 426 379 367 302 474 312 319 293 156 333 46 449 78 
136 170 167 100 82 115 264 61 318 214 279 209 322 482 292 95 462 402 4 284 
491 435 125 335 72 118 92 159 282 144 248 351 472 105 373 250 473 310 315 297 
496 489 378 73 127 41 300 171 329 427 368 52 75 290 131 74 234 203 276 486 
106 471 454 361 35 188 99 185 469 217 116 7 401 347 155 317 182 391 147 232 
339 139 403 258 270 202 216 37 1 120 298 158 431 369 129 15 138 283 53 343 
245 196 434 55 342 256 353 485 393 445 483 253 252 459 14 148 492 301 177 40 
356 451 395 87 22 8 490 330 246 452 6 382 130 194 123 103 84 91 32 20 
438 313 323 479 71 272 418 3 304 470 57 254 224 380 430 370 362 145 228 410 
219 316 383 10 296 17 477 404 172 38 397 97 141 366 146 205 42 21 498 66 
328 135 108 363 101 174 389 442 278 419 11 443 77 79 128 493 267 134 409 348 
152 239 428 386 280 140 222 241 463 281 189 208 69 423 265 90 266 291 441 384 
151 338 33 142 480 191 181 411 464 229 65 305 26 168 269 376 163 440 488 324 
11
314 54 442 66 367 234 117 208 308 304 181 
422 171 419 51 473 468 240 349 415 140 494 
273 101 168 321 328 184 330 92 64 382 355 
283 405 279 239 393 250 265 148 211 114 291 
322 469 157 323 129 128 320 26 52 150 350 
475 137 346 154 500 242 370 235 106 340 467 
202 38 125 73 205 120 65 293 201 127 97 
50 37 136 104 68 142 233 12 4 251 5 
29 179 110 177 46 76 15 438 421 79 131 
404 90 88 246 126 449 276 479 481 252 455 
198 353 210 247 194 433 215 462 267 185 428 
7
118 109 61 108 121 424 483 
437 485 302 186 129 327 227 
90 294 356 414 211 156 452 
165 454 339 266 436 334 276 
443 422 418 420 159 409 451 
193 308 269 98 213 256 31 
231 285 471 166 220 284 18 
11
412 328 357 214 499 427 491 414 12 129 148 
433 228 439 339 223 107 121 127 295 297 303 
5 170 326 336 333 40 96 473 71 57 36 
20 381 444 429 415 397 390 19 469 332 75 
238 349 360 45 10 46 177 102 199 372 452 
141 434 248 265 178 33 481 250 156 85 417 
258 395 229 454 202 405 200 100 498 134 399 
68 464 213 421 251 364 459 449 114 318 211 
175 406 42 49 204 26 18 173 420 351 431 
55 17 235 185 27 456 379 78 74 77 441 
115 268 324 262 227 160 110 275 123 451 247 
12
339 165 177 448 460 198 375 495 214 211 331 292 
350 413 452 364 135 269 166 379 77 233 274 477 
200 457 436 54 438 86 414 128 247 297 389 193 
441 157 85 370 314 428 390 383 328 321 442 382 
347 226 80 66 146 293 150 23 16 273 378 41 
498 209 465 453 420 300 106 368 26 114 316 78 
213 21 310 374 142 143 2 439 232 433 454 188 
340 499 102 167 111 479 3 242 1 123 89 463 
134 4 187 164 147 196 82 397 207 22 266 304 
55 175 174 418 432 210 74 309 144 437 386 131 
424 43 261 57 322 155 446 362 264 475 179 18 
272 349 342 222 319 181 19 46 216 195 122 115 
7
187 478 292 488 168 271 369 
89 174 136 121 356 363 94 
196 322 385 222 48 487 262 
15 434 87 324 334 33 413 
259 407 298 63 190 141 115 
5 457 341 257 442 252 424 
481 202 118 319 416 384 206 
18
460 27 52 486 356 226 308 394 275 365 66 379 121 484 60 139 254 206 
71 19 487 291 381 316 106 348 87 146 417 268 266 119 305 133 456 125 
491 489 81 289 18 25 57 62 124 195 108 405 455 446 252 312 17 311 
453 400 113 436 24 475 314 464 86 274 5 442 388 360 362 105 435 243 
454 131 186 194 337 137 296 250 138 354 419 466 372 437 32 239 31 196 
1 117 500 10 6 402 40 189 318 153 292 367 300 259 452 141 425 269 
78 103 253 212 391 449 324 424 214 327 319 238 44 198 469 406 257 75 
92 428 330 4 261 447 28 267 317 20 129 35 172 339 304 472 163 278 
398 147 423 301 159 211 173 185 101 152 158 306 336 297 411 115 240 361 
287 123 346 364 408 33 233 111 65 43 145 130 457 414 276 22 363 432 
309 11 421 100 382 345 166 224 12 451 94 234 53 104 210 237 352 258 
162 441 350 29 242 340 181 481 283 262 225 14 325 98 204 380 216 102 
128 95 288 476 30 50 264 229 359 329 61 155 48 439 39 97 54 369 
157 74 69 175 338 47 178 351 167 156 73 294 303 374 416 77 328 375 
190 127 46 477 399 467 284 107 21 148 335 8 353 37 96 463 357 395 
199 203 150 59 368 177 49 459 410 90 265 344 495 213 280 499 497 273 
409 135 315 197 68 118 285 482 430 373 2 160 390 9 227 202 140 205 
183 201 271 461 434 93 144 109 38 450 151 142 295 82 407 321 393 494 

OUTPUT
#1 6
#2 5
#3 3
#4 6
#5 4
#6 4
#7 5
#8 5
#9 6
#10 5
#11 4
#12 6
#13 5
#14 6
#15 5
#16 5
#17 4
#18 4
#19 5
#20 5
#21 6
#22 6
#23 4
#24 3
#25 4
#26 5
#27 6
#28 5
#29 4
#30 4
#31 5
#32 5
#33 3
#34 5
#35 3
#36 4
#37 5
#38 5
#39 5
#40 6
#41 5
#42 5
#43 5
#44 3
#45 5
#46 5
#47 5
#48 5
#49 3
#50 4
#51 4
#52 7
#53 4
#54 4
#55 7
#56 6
#57 4
#58 6
#59 6
#60 4
#61 4
#62 5
#63 5
#64 5
#65 3
#66 5
#67 5
#68 4
#69 5
#70 5
#71 5
#72 6
#73 5
#74 4
#75 6
#76 4
#77 4
#78 4
#79 4
#80 4
#81 6
#82 6
#83 4
#84 6
#85 5
#86 6
#87 5
#88 5
#89 5
#90 5
#91 6
#92 5
#93 4
#94 6
#95 4
#96 5
#97 5
#98 5
#99 3
#100 6
